Exact	Measured
28.2759	26.5356	
32.852	26.8936	
22.97	31.222	
39.7381	42.5217	
47.9862	46.2439	
0	4.24157	
49.3302	56.2166	
45.2116	59.2188	
0	3.88692	
17.7081	11.1536	
20.2704	17.7417	
0	4.19374	
0	2.0197	
39.6056	43.5959	
39.9685	40.0612	
10.1255	10.0935	
23.7762	12.8101	
50.5113	53.638	
46.6741	43.3566	
0	3.4855	
9.68751	6.1004	
40.7287	44.0658	
38.3409	33.324	
38.7435	47.9551	
19.9212	24.2634	
0	6.25717	
48.1048	47.4678	
35.8191	42.0359	
12.8226	15.9165	
51.2371	54.9409	
0	-1.91542	
20.4791	21.8949	
31.9641	42.7367	
0	2.89599	
49.599	34.9625	
47.8867	42.3772	
23.9464	25.6916	
51.4096	48.732	
30.1115	28.4078	
0	1.47804	
46.7087	42.0886	
50.1781	54.9558	
30.877	35.1176	
26.8123	26.3552	
47.3327	41.584	
0	-0.71448	
36.1123	27.5334	
25.2272	22.1665	
46.6932	39.0725	
42.7016	51.5617	
0	4.7493	
38.7726	39.7354	
27.9067	25.4471	
48.4862	45.6106	
13.1877	12.225	
50.4101	45.5922	
35.8278	36.4902	
29.052	41.2652	
13.5911	2.71434	
44.7369	52.1432	
0	-4.48226	
0	1.6643	
15.6713	17.9203	
0	3.36313	
36.6056	32.7574	
39.1449	47.0499	
0	3.65678	
12.5136	5.67785	
44.7354	45.0928	
33.1478	28.5708	
49.1329	47.6299	
39.5895	21.2445	
0	3.41921	
35.2255	40.7388	
2.58714	5.36293	
47.2805	50.9911	
44.0092	60.1367	
33.9384	28.7663	
49.0806	48.9564	
46.4462	42.1838	
38.1147	28.7244	
0.958783	0.325697	
31.353	27.1321	
23.6289	24.9099	
43.2354	39.338	
32.8539	35.7024	
0	3.98576	
22.617	23.0364	
11.1085	11.6802	
41.5183	46.3392	
35.0432	44.0616	
23.118	23.9891	
47.1162	49.9337	
0	0.383938	
13.9033	18.8873	
44.1124	45.413	
24.2214	29.9472	
34.9413	39.6382	
48.7084	40.7961	
23.2373	24.9558	
27.7185	33.8208	
47.6586	48.3138	
12.4571	10.0471	
45.2915	38.111	
35.0164	38.2962	
30.3231	24.5174	
47.2954	48.6159	
51.3408	37.6048	
0	1.16546	
11.6092	7.73574	
34.3055	33.4903	
0	2.68541	
37.1772	50.8535	
0	-2.25422	
34.9227	37.3247	
26.9608	26.6187	
51.4409	45.5341	
24.0667	15.6275	
31.6757	33.0765	
46.3552	35.1431	
36.3236	18.5768	
45.4747	36.4911	
51.3908	51.2705	
47.0764	51.0179	
47.3932	37.6581	
49.1408	50.8096	
0	-0.525875	
51.1297	46.5999	
0	4.57674	
13.2577	12.5484	
37.1939	32.7244	
0	-2.09652	
0	3.4602	
48.544	54.8129	
25.9621	25.6331	
51.3956	57.0697	
15.8131	12.1256	
38.6223	29.2614	
50.837	54.1819	
0	-6.03376	
49.6239	57.4041	
35.5344	40.0235	
51.7603	63.0617	
20.0538	26.8589	
20.1096	13.6244	
11.0332	7.71114	
18.7707	23.0511	
25.9047	36.3302	
33.1877	29.7418	
29.3884	34.5187	
51.6777	47.4773	
26.4155	35.4459	
30.1678	35.3345	
48.5942	51.1375	
48.0429	40.2153	
51.6822	57.1997	
17.4364	22.0413	
45.1045	48.4164	
44.372	44.931	
48.2049	66.4075	
45.9975	43.0233	
26.4666	25.7043	
15.1196	16.7037	
14.6256	6.12823	
21.8411	14.0332	
20.8886	19.9261	
41.2424	37.1702	
0	-2.93414	
0	-7.45414	
48.2005	28.2004	
0	-0.376219	
50.1095	48.6973	
0	5.13017	
24.9583	32.7377	
25.9366	13.7056	
36.982	40.2567	
50.1823	50.43	
20.4511	22.4227	
47.8393	54.5867	
29.6882	36.8393	
45.8176	40.1266	
0	1.76916	
0	-1.12268	
0	8.72247	
30.4458	21.3892	
0	2.50844	
0	-0.087755	
29.8436	29.4037	
47.8975	43.9025	
44.3737	51.1599	
50.8826	50.0065	
47.9303	47.9188	
38.3855	41.6977	
46.74	52.5645	
0	-2.24524	
45.5086	36.5215	
49.8965	38.8069	
48.1649	44.6679	
40.4956	42.4421	
24.3219	16.8687	
38.0511	43.3157	
41.0485	39.8021	
0	3.41129	
41.4845	42.9375	
46.9357	50.155	
37.4982	40.3066	
0	3.52274	
43.1265	44.9397	
23.4862	27.3881	
50.0731	41.7308	
0	0.757515	
33.9172	40.2128	
40.4563	50.0725	
26.5982	34.5141	
43.8177	33.9901	
0	0.0518246	
34.8851	35.7398	
46.8856	48.0451	
35.0523	27.5263	
43.8681	38.0317	
34.5477	32.4119	
30.58	23.412	
44.9725	46.769	
51.2088	49.2714	
26.1535	17.2073	
40.7469	39.8187	
18.4201	18.1742	
37.897	48.0768	
0	2.55919	
27.9611	34.0482	
35.3167	40.7267	
20.7661	24.3626	
0	-3.05751	
36.5032	39.9356	
21.7151	28.4842	
35.4688	37.9932	
0	-3.67338	
36.9259	38.6038	
49.3228	48.3169	
0	-4.31781	
0	1.10237	
22.5315	16.2542	
13.2854	16.0973	
38.335	40.0936	
51.262	48.9148	
0	0.367196	
49.9347	51.8194	
9.0735	10.0798	
27.5161	25.5483	
0	-4.5199	
28.7836	23.5783	
42.3017	30.5523	
0	2.64717	
50.0538	41.2324	
12.3058	10.3377	
29.5537	17.8122	
42.5558	38.773	
27.3174	28.7895	
0	-3.22781	
42.1905	31.7821	
11.7257	2.76482	
40.3841	32.6832	
42.766	38.5889	
36.9001	31.1413	
23.688	34.5588	
51.7829	64.4525	
47.7315	52.2753	
39.6596	36.5004	
0	2.69931	
0	-0.718284	
36.6348	42.5822	
42.9602	39.5859	
19.5052	22.9278	
48.5614	55.6067	
12.4601	7.70375	
0	0.190335	
24.8398	29.7825	
44.7931	43.0151	
39.8416	43.1652	
47.4886	45.165	
48.7069	48.1758	
30.275	25.6775	
51.584	53.788	
15.5647	15.3279	
43.8427	42.3794	
26.8229	27.8187	
0	0.598183	
41.2588	42.0284	
0	-0.238105	
17.4181	14.8146	
8.94163	4.74896	
15.4348	16.527	
39.9115	44.2009	
0	-0.362672	
36.653	43.9452	
17.9313	14.867	
0	1.53384	
46.2243	57.4001	
21.3458	19.7209	
41.8148	60.3394	
26.9924	29.525	
35.6325	25.8988	
43.3748	28.2396	
46.0625	54.586	
50.4866	45.6298	
52.156	55.2914	
24.2755	26.9026	
0	-2.24101	
27.6856	22.8988	
9.21538	4.94238	
49.1391	47.7365	
45.9562	44.3828	
32.2842	32.1863	
0	-1.17711	
33.1697	33.2886	
0	4.68873	
0	-5.65281	
3.6015	4.86752	
47.1155	36.6162	
35.4115	39.634	
37.6377	48.8966	
30.744	34.9872	
45.2194	39.8188	
37.1051	36.5421	
49.5868	58.9284	
24.0002	23.2933	
38.714	35.4016	
52.0979	48.8869	
44.3164	51.2918	
0	1.58828	
0	-0.650087	
26.4383	20.3401	
45.7005	51.0506	
32.0968	33.6541	
0	2.87308	
45.9271	49.616	
0	-1.74159	
38.0231	37.6083	
23.4328	21.036	
43.6062	37.4218	
49.6599	58.7751	
24.3185	24.3142	
35.7806	30.3977	
0	0.769223	
0	3.60668	
0	3.85573	
0	0.989211	
43.5681	35.7266	
43.3298	35.6772	
28.7997	29.7144	
46.4262	36.5571	
9.73476	10.7362	
26.4979	24.3983	
43.8993	47.9269	
36.2787	32.7172	
28.6316	23.9688	
44.7076	47.063	
46.1141	47.3571	
0	-2.30284	
25.958	37.1178	
0	-2.39161	
48.845	50.8476	
0	0.708331	
45.3357	54.8534	
47.354	51.3796	
45.1374	58.5749	
6.49597	9.35862	
46.1276	44.485	
16.3773	15.7956	
0	-0.287223	
27.6476	36.9483	
0	0.660673	
43.3137	43.8923	
49.5817	44.4693	
0	2.22347	
44.3541	46.2191	
49.6747	44.6768	
36.0542	39.1802	
37.0982	32.3081	
44.1177	48.5223	
49.0864	44.7613	
28.1123	24.7185	
47.0712	47.2458	
44.8557	60.2772	
20.4502	25.6259	
34.3447	36.4319	
41.0906	39.6944	
30.5484	32.1218	
0	0.94596	
36.3518	37.6972	
0	-3.2347	
51.0577	56.5259	
31.8198	21.8468	
0	-0.687192	
45.9441	58.7976	
43.627	40.413	
33.315	22.2413	
27.8562	25.371	
35.0489	47.3823	
25.1916	34.7957	
29.14	21.0226	
10.4282	3.17535	
11.4522	-2.66386	
28.4248	33.3183	
42.122	41.6353	
45.4364	38.8818	
0	-5.89812	
0	-8.34122	
0	7.10862	
44.1139	45.263	
41.2416	40.7259	
0	-0.52222	
0	1.72358	
32.82	23.13	
0	8.97028	
20.5266	17.9736	
48.9808	51.6401	
42.4771	38.3267	
49.1904	46.6333	
0	2.01416	
49.8669	60.5373	
45.0633	43.8376	
36.5413	36.028	
43.2045	39.8269	
44.1239	45.2746	
42.8004	47.9379	
48.8649	56.5185	
0	-0.927679	
42.6638	47.9963	
0	4.58915	
50.1089	54.6592	
35.988	28.9845	
49.5723	55.812	
31.2652	25.9059	
20.5641	28.7397	
9.64999	15.6937	
12.397	10.5347	
26.7246	27.3291	
51.5564	52.2879	
30.1957	36.6944	
24.5624	9.13408	
38.4296	26.3936	
47.6405	50.6889	
28.5036	34.1046	
30.5023	21.7327	
0	1.56344	
35.584	26.8394	
0	-5.10869	
21.5924	21.3099	
48.8471	42.829	
0	2.97321	
37.3254	41.6531	
36.3674	38.818	
27.7494	25.8108	
32.1291	24.5311	
7.73229	8.35318	
7.81433	8.18995	
37.0983	42.3067	
20.7275	19.4762	
47.457	44.2883	
40.2781	38.1431	
28.1345	40.1393	
12.69	6.086	
50.696	64.9785	
0	-1.57852	
52.0601	49.9482	
22.1376	24.5233	
50.4836	56.2357	
8.1293	16.0171	
0	2.19028	
45.2547	55.4021	
41.5667	39.5925	
40.0963	54.5549	
41.5166	26.5631	
21.5408	17.3254	
32.9241	32.4168	
28.7358	21.4436	
33.5615	41.3398	
7.1343	9.79662	
29.4274	36.8752	
32.8044	32.5586	
29.7296	26.8966	
39.9901	38.7614	
33.6176	22.0681	
42.9383	38.6985	
35.6772	35.9164	
40.0435	41.9693	
34.8186	28.3581	
45.5676	50.3692	
0	-2.44254	
36.267	27.5671	
44.5488	48.2888	
36.2443	36.875	
27.4184	35.9741	
45.6177	44.0608	
35.9264	27.2663	
11.08	9.21033	
33.5035	31.6321	
0	-1.96254	
0	-2.37023	
16.2579	15.3659	
0	0.352613	
0	-0.714842	
33.059	31.1872	
0.34558	3.64355	
24.7355	25.4414	
0	4.36617	
43.7829	40.3273	
0	2.1555	
25.7784	27.5776	
32.8016	32.4756	
0	-0.620199	
31.5549	44.7239	
41.9983	38.8698	
38.307	37.93	
0	1.41035	
9.00747	12.9952	
12.2304	9.0991	
49.3406	52.3084	
0	-3.96746	
29.1309	37.8825	
0	-3.45309	
0	-1.48906	
41.2809	51.6199	
17.3048	17.6624	
45.5339	42.9994	
29.4014	27.5107	
39.0565	38.0031	
0	-0.0442624	
42.8948	30.5057	
0	1.82322	
39.7209	31.817	
30.1147	31.633	
44.618	40.1755	
0	-1.65732	
31.5421	33.6689	
19.5235	19.3698	
37.7797	38.9029	
37.6311	46.2215	
49.3397	49.1654	
44.0376	49.242	
44.1244	36.6341	
0	1.71431	
24.4258	26.8826	
5.73499	1.71202	
0	-4.76937	
51.6071	56.7295	
24.218	32.8317	
25.5263	19.8173	
43.9745	44.9652	
0	2.11752	
18.6318	21.098	
50.1719	39.837	
19.0724	18.5361	
40.6584	45.4686	
23.2441	22.6279	
0	-1.88699	
34.3433	36.4372	
29.7645	38.0552	
41.5907	40.7096	
42.5989	35.5875	
22.0873	21.4397	
52.3834	47.5711	
0	0.483437	
35.7966	40.3549	
45.228	47.4276	
40.3329	47.3135	
45.8278	45.5027	
32.8217	41.7198	
22.7302	31.6642	
41.2602	40.323	
34.0911	43.737	
37.6101	41.996	
0	-2.13718	
41.5314	34.591	
22.9089	11.435	
32.7528	21.1207	
29.7665	29.2054	
0	-6.40238	
44.6035	54.051	
42.5161	31.5704	
0	3.21966	
51.3333	49.0332	
0	6.32763	
25.4061	26.1091	
44.3381	43.3799	
36.726	45.4043	
49.0608	53.9501	
0	-0.0565551	
45.4956	54.1922	
6.07433	6.56456	
47.0889	46.4285	
0	3.65482	
39.4058	46.1125	
31.6709	31.0149	
36.5871	44.9733	
48.2387	58.0918	
17.6571	20.0643	
0	4.37912	
0	2.56191	
0	1.51106	
0	-2.35157	
37.8619	40.9542	
11.7511	8.66141	
49.2983	53.0027	
44.5831	36.2849	
31.3911	33.9051	
25.3463	24.1738	
46.5067	46.4971	
36.3376	38.265	
50.3765	61.8769	
49.0253	43.8738	
0	2.12835	
50.0794	50.9288	
41.8152	35.6433	
37.1556	39.051	
28.0558	32.4675	
0	0.0946925	
51.0545	53.0269	
31.7856	41.4853	
29.6227	40.2205	
49.1941	42.5498	
34.3798	29.3282	
13.6485	10.5286	
49.496	48.7266	
0	-0.321043	
39.0733	32.5175	
39.0065	30.2349	
0	-2.79337	
49.1044	54.995	
34.7562	21.4612	
45.5236	53.1459	
0	1.35529	
31.1206	34.9014	
32.7209	30.8172	
30.3974	24.1384	
51.3709	53.8186	
39.2848	41.8585	
0	4.97439	
31.3086	11.9968	
42.9045	52.8561	
0	2.4212	
14.8396	14.2852	
44.2971	49.3995	
0	0.932973	
49.7286	54.7177	
0	4.16699	
0	0.531066	
49.1776	58.9544	
0	-2.14471	
0	2.84014	
38.9839	42.4824	
43.1853	32.7895	
27.9834	37.8371	
45.691	50.1883	
0	2.71754	
46.8972	34.1048	
34.3716	28.037	
0	-2.60797	
38.0922	35.5708	
0	-2.20632	
44.8448	47.04	
48.6421	47.4743	
13.8338	11.0821	
43.6334	52.1948	
25.3367	24.6615	
28.1186	24.7962	
36.2369	40.1111	
0	-4.17611	
27.7497	27.7698	
30.993	28.6792	
0	0.268583	
49.1165	49.3136	
37.87	28.2248	
41.7048	41.7275	
14.7103	20.0093	
0	2.41917	
47.1135	51.6842	
0	-3.86146	
26.0625	27.9417	
0	-3.03438	
49.8986	42.5487	
28.5886	33.8067	
34.2109	34.5875	
48.9196	47.9057	
37.9117	31.8741	
0	4.97195	
0	-5.53164	
24.8925	27.6322	
36.6353	54.7133	
0	0.388655	
44.7421	48.2375	
12.618	10.0452	
16.9357	12.2	
41.1702	31.5382	
0	3.17509	
33.3873	37.1666	
39.3227	41.214	
34.2328	34.1555	
44.4051	41.6193	
40.7537	44.1074	
34.8148	45.9921	
40.6901	35.7717	
21.8822	7.8277	
20.555	21.0201	
50.5454	58.6076	
46.7142	51.4441	
46.3788	55.8648	
0	8.35597	
46.6642	43.0689	
47.169	56.6093	
51.6134	59.8357	
49.7782	59.3504	
49.124	56.1281	
31.0375	24.2732	
0	0.855495	
45.9063	45.2949	
39.8112	40.1379	
0	-3.71161	
11.5713	16.7858	
48.5478	46.8607	
42.926	46.6683	
9.1776	5.19289	
0	0.227857	
32.6594	35.3007	
24.5011	32.2429	
8.33063	9.62813	
19.2459	26.2803	
23.3512	24.561	
15.5236	15.3312	
4.69864	2.55344	
0	-3.55744	
0	-3.00043	
0	-4.44829	
30.4161	37.8263	
28.5782	10.2641	
40.0552	41.6864	
0	-7.8018	
25.1889	29.6325	
45.3342	42.2044	
50.9833	56.3389	
33.3452	21.7379	
36.2764	31.5919	
40.1993	36.5438	
20.9391	17.3782	
0	0.574729	
0	3.58596	
29.8681	27.287	
51.8847	49.7529	
45.6436	40.8395	
42.1817	39.7092	
7.73259	11.1636	
37.3971	41.4375	
40.9526	40.4978	
38.7223	44.5261	
50.8341	49.4837	
32.873	29.3068	
47.39	40.2464	
0	2.42737	
0	0.551121	
0	1.14561	
23.2407	28.3811	
40.1069	40.7363	
21.9035	11.2568	
16.7336	23.7657	
25.3903	28.8318	
0	-1.11275	
9.25929	1.3705	
42.6474	38.4218	
22.2344	13.7366	
31.5959	31.5905	
41.0114	51.7863	
51.6064	55.5072	
0	5.32862	
37.1293	22.7474	
45.0962	36.4853	
38.389	37.9558	
0	-2.39487	
45.3054	31.5876	
7.3578	14.6339	
0	1.06271	
48.9361	51.1697	
37.8907	42.5665	
47.6505	45.6993	
41.5289	51.2134	
0	1.01408	
34.3227	31.8923	
0	-1.64571	
22.8084	8.3746	
41.6576	48.5338	
38.6281	41.0972	
0	-0.607893	
0	-4.47133	
41.2255	50.2733	
47.8259	54.5834	
47.8682	42.3426	
22.74	22.4374	
39.4718	35.8309	
16.9006	19.4758	
37.6492	38.5365	
43.4278	42.4358	
47.5228	50.48	
13.1533	13.3683	
40.6908	40.2103	
27.9164	16.9296	
46.1882	57.646	
0	8.99105	
8.23941	3.79796	
0	0.718363	
0	-3.83594	
35.2253	22.1756	
37.9024	44.538	
33.0522	33.2304	
33.2478	34.6539	
30.9936	24.7992	
44.9396	48.7069	
0	5.20532	
38.0622	39.8927	
47.762	61.829	
19.8647	14.8971	
15.5048	20.9123	
43.5627	46.7246	
0	3.18541	
50.0996	47.1268	
0	1.43068	
0	1.09148	
48.2257	43.9944	
18.1332	20.9453	
0	1.67686	
0	2.59889	
11.8364	7.37675	
48.2815	50.7573	
10.0314	9.54563	
48.3768	51.142	
48.39	35.8925	
0	0.309095	
45.4793	45.497	
26.9613	23.9907	
31.205	31.5686	
51.4399	56.4509	
0	-3.59269	
37.8012	42.3384	
49.7457	40.9641	
40.8509	38.6609	
0	-1.56377	
30.9218	36.1109	
31.9027	24.4219	
15.1104	19.7273	
35.9433	37.4881	
34.6834	30.8752	
29.3483	26.1272	
0	2.75409	
0	2.23687	
48.1001	56.0693	
0	-1.71314	
0	0.251373	
31.1207	18.1334	
35.3351	24.9301	
0	0.670139	
18.0295	21.1612	
29.4642	32.2844	
0	1.9656	
12.3313	19.2436	
44.3852	54.2777	
36.8342	42.1027	
40.0403	40.0351	
37.5217	45.6327	
34.5883	40.0812	
47.207	39.9179	
35.61	31.3538	
21.6898	22.9749	
20.6739	11.5797	
0	1.47462	
8.36827	11.0144	
0	4.17475	
47.6652	41.2738	
0	-1.1559	
29.6915	30.6921	
45.6668	42.3599	
9.34436	17.7693	
26.0123	20.6927	
50.8694	49.5247	
51.1274	63.2991	
0	-1.51943	
0	0.803159	
25.1231	16.9889	
0	-1.99813	
29.0461	17.9196	
0	-5.58386	
39.5677	47.9113	
20.8763	16.1657	
40.0188	31.6631	
0	1.72836	
28.7111	26.6172	
0	2.98339	
52.2761	44.5814	
49.1228	45.3998	
45.4677	37.1374	
0	-7.32087	
42.5105	40.5739	
25.6438	24.405	
46.3957	41.1245	
6.03986	10.0397	
0	2.32851	
0	-3.37785	
0	-3.48691	
45.5819	54.1718	
30.0828	23.2381	
36.2821	44.2639	
23.4292	18.3047	
0	-6.2189	
7.37386	8.88875	
51.2565	54.7807	
33.5205	40.8916	
10.6451	5.18086	
0	3.36659	
36.4745	22.2058	
32.7243	31.4547	
0	-1.89765	
46.6045	38.2637	
0	-2.05399	
44.7893	37.1871	
0	2.81507	
27.1851	23.4011	
0	-10.6195	
14.6219	9.07586	
42.9036	37.3685	
0	-1.4581	
24.6905	26.6133	
35.5352	30.0501	
51.7105	51.9056	
27.6266	25.9334	
47.6659	34.1746	
0	-1.60642	
19.3438	22.2653	
29.6	22.9637	
30.521	28.6144	
41.824	37.6684	
24.9589	29.4852	
41.1347	27.1556	
0	-2.26101	
40.8356	40.9967	
0	3.6278	
0	1.15907	
51.3047	64.7538	
0	4.4997	
0	1.79863	
14.301	7.80761	
28.2324	22.5151	
16.9983	15.4013	
33.4007	26.8375	
25.5077	15.8739	
42.1639	35.4916	
47.4614	53.7041	
50.7059	56.1704	
31.2112	31.4557	
50.5607	61.3092	
19.3751	24.5677	
21.614	23.5548	
48.1375	41.3767	
7.82685	14.109	
0	-0.23164	
0	0.521789	
49.072	38.2455	
22.4531	23.2224	
0	3.0436	
24.9685	20.5269	
51.0066	49.821	
0	-1.70436	
47.4638	49.5827	
46.5766	49.104	
43.143	40.0795	
0	-2.97271	
34.3119	41.4992	
16.554	16.2536	
7.79527	6.84819	
0	-3.73613	
0	-2.32665	
40.6868	42.3835	
0	6.18192	
26.8384	27.2338	
0	2.58963	
52.1769	61.9285	
43.4077	51.3673	
0	5.84455	
41.3043	42.0044	
20.4287	13.4038	
34.8495	36.3546	
4.61081	1.3306	
30.7068	31.49	
21.9861	23.055	
4.03357	5.09537	
40.7699	29.7069	
50.8592	51.4322	
36.5882	32.294	
20.9018	25.7329	
16.5447	20.4403	
30.3378	30.3785	
38.4349	22.8396	
11.5246	11.2423	
