Exact	Measured
0	1.14685
69.2899	62.344
0	0.570219
69.2899	72.1386
0	-2.57259
69.2899	72.3846
69.2899	66.6052
69.2899	85.8141
69.2899	51.0399
0	1.45986
69.2899	60.1719
69.2899	72.7954
0	-0.00156341
69.2899	81.9423
69.2899	71.4678
69.2899	67.0061
69.2899	64.7023
69.2899	72.7244
0	-0.321405
0	-6.27752
69.2899	72.1178
69.2899	64.0385
69.2899	75.2801
69.2899	74.4672
69.2899	63.4581
69.2899	59.104
0	-3.29748
69.2899	82.7594
0	-0.447586
69.2899	75.8523
0	6.93569
69.2899	60.9561
69.2899	76.3847
69.2899	79.8572
69.2899	77.6196
0	-8.52657
69.2899	59.0594
69.2899	65.7853
69.2899	82.5969
69.2899	65.533
69.2899	72.0336
69.2899	56.8261
0	1.54171
69.2899	71.1199
69.2899	61.7381
69.2899	64.1873
69.2899	61.7012
69.2899	76.3398
69.2899	62.5651
69.2899	65.2762
69.2899	77.7548
69.2899	58.8883
0	2.3471
69.2899	69.9488
69.2899	70.7792
0	4.55578
69.2899	62.9312
69.2899	67.0349
69.2899	57.7564
69.2899	71.5243
69.2899	67.8222
0	3.41862
69.2899	68.0973
69.2899	56.5266
69.2899	80.8742
69.2899	69.7471
69.2899	68.7512
69.2899	69.6681
69.2899	62.4439
69.2899	67.6006
69.2899	70.5955
69.2899	81.4758
69.2899	69.4104
69.2899	73.368
0	6.46301
69.2899	63.8915
69.2899	74.8184
69.2899	69.8271
69.2899	64.7318
0	-4.07176
69.2899	80.9281
69.2899	72.5508
69.2899	73.8984
69.2899	67.8267
0	-1.46655
69.2899	65.6657
69.2899	62.0172
69.2899	73.9988
0	2.19546
69.2899	63.1461
69.2899	67.4643
0	-1.97433
69.2899	67.2485
69.2899	64.5635
69.2899	64.639
69.2899	69.8939
69.2899	81.5643
69.2899	75.0982
69.2899	56.3776
69.2899	76.4575
69.2899	74.4898
0	0.259825
0	6.53409
69.2899	63.3602
69.2899	69.647
69.2899	85.3464
0	2.74244
69.2899	71.086
69.2899	61.8411
69.2899	76.7816
69.2899	72.9897
69.2899	69.5848
69.2899	78.3965
69.2899	75.1325
69.2899	62.9535
0	3.18347
69.2899	67.422
69.2899	82.1681
69.2899	78.6231
69.2899	47.9351
0	5.52011
0	-4.67791
69.2899	78.7095
0	0.790242
69.2899	62.4155
0	3.65844
69.2899	64.8728
69.2899	62.2086
0	2.43865
0	-2.9871
69.2899	66.6756
69.2899	69.4326
69.2899	62.2722
69.2899	53.8932
69.2899	67.6904
69.2899	71.4991
0	-2.22423
69.2899	67.4753
69.2899	72.2547
69.2899	74.243
0	-2.17434
69.2899	60.1914
69.2899	83.4916
69.2899	62.0706
69.2899	69.887
0	2.07205
69.2899	77.4702
69.2899	71.4858
69.2899	76.4393
0	-3.2153
0	4.19583
69.2899	62.6563
69.2899	69.6386
69.2899	79.001
69.2899	65.701
0	1.6254
69.2899	64.0748
69.2899	62.6915
0	1.21334
69.2899	85.0319
69.2899	66.7218
69.2899	67.2833
69.2899	75.9317
69.2899	63.7648
69.2899	69.6075
0	1.28221
69.2899	68.4471
69.2899	58.9426
0	-2.90349
69.2899	67.241
69.2899	67.0656
69.2899	81.0914
69.2899	76.9056
69.2899	56.8162
69.2899	49.6128
69.2899	68.46
69.2899	74.685
0	2.03428
69.2899	76.732
0	4.91215
69.2899	65.3297
69.2899	67.1284
69.2899	59.1187
69.2899	70.1717
69.2899	60.1033
69.2899	63.33
69.2899	70.0974
69.2899	75.1384
69.2899	73.1511
69.2899	59.1334
69.2899	68.0825
69.2899	58.8039
69.2899	75.0758
69.2899	78.8569
69.2899	78.592
0	-0.463507
0	0.0106685
69.2899	73.5973
69.2899	77.8679
0	-4.3888
69.2899	57.3573
0	-1.0077
0	2.693
69.2899	52.2301
0	1.94561
69.2899	65.2585
69.2899	61.2059
69.2899	68.7906
69.2899	81.7546
69.2899	78.0159
0	1.85388
69.2899	83.4081
69.2899	70.5411
69.2899	63.7981
69.2899	73.3325
69.2899	71.2875
69.2899	61.6666
0	-5.32143
69.2899	62.2647
69.2899	82.2426
69.2899	73.8269
69.2899	70.6202
69.2899	77.8237
0	0.964741
69.2899	77.6956
69.2899	59.4086
69.2899	76.2711
69.2899	76.9348
69.2899	64.1545
69.2899	64.2801
69.2899	68.4026
0	1.69755
0	4.02244
69.2899	79.1672
69.2899	70.6902
69.2899	63.499
0	5.62406
69.2899	51.6496
0	1.32818
69.2899	64.4501
69.2899	50.1048
69.2899	70.1477
0	-0.862317
69.2899	53.6084
0	-2.30996
0	-3.19301
69.2899	70.8706
0	3.21448
0	-5.58809
69.2899	60.7967
69.2899	59.6066
0	1.38397
69.2899	46.8773
69.2899	63.0658
0	1.77174
69.2899	61.0422
69.2899	82.6451
69.2899	65.4145
0	4.78056
69.2899	71.0682
0	2.74832
69.2899	69.2444
69.2899	67.1917
0	3.86911
69.2899	85.6316
0	0.49093
69.2899	71.7143
69.2899	56.3485
69.2899	65.6624
69.2899	69.1522
69.2899	75.7525
69.2899	67.7409
69.2899	70.8734
69.2899	65.3734
0	5.53028
69.2899	86.9405
0	1.89463
0	-0.329461
69.2899	76.69
69.2899	65.7771
0	-5.20062
69.2899	60.6454
69.2899	67.0274
69.2899	55.7725
69.2899	72.5919
69.2899	65.7201
69.2899	65.5245
69.2899	70.9884
0	1.5213
69.2899	70.042
69.2899	77.2602
69.2899	82.1681
69.2899	72.0684
69.2899	59.4442
69.2899	75.1914
0	2.14648
69.2899	71.8278
0	-3.11738
69.2899	62.9836
69.2899	66.6131
0	-4.084
0	-2.04735
69.2899	75.2632
0	0.99652
0	3.1477
0	0.171757
69.2899	67.3091
0	2.89915
0	-0.47756
69.2899	78.9721
69.2899	79.6198
69.2899	85.9961
69.2899	60.3199
0	-4.48249
0	-4.28452
0	-5.56714
69.2899	65.8512
69.2899	62.8966
69.2899	57.6484
69.2899	76.9699
69.2899	68.533
0	-3.32403
0	2.77547
69.2899	76.1116
69.2899	85.7646
69.2899	74.8801
69.2899	65.9006
69.2899	70.8319
69.2899	74.2419
69.2899	91.1762
0	-2.9909
69.2899	70.9184
69.2899	68.2374
69.2899	68.8849
0	3.2548
69.2899	54.5383
69.2899	78.4895
69.2899	71.8243
69.2899	68.3964
69.2899	62.2987
69.2899	78.2369
69.2899	79.7248
69.2899	72.0842
0	-0.214645
69.2899	75.4385
69.2899	71.363
69.2899	69.815
69.2899	76.2001
69.2899	71.4436
69.2899	70.9025
69.2899	67.461
69.2899	69.5991
0	1.92232
0	-4.39896
0	1.5996
69.2899	84.677
69.2899	79.0214
69.2899	64.4812
69.2899	70.7922
69.2899	64.0832
69.2899	78.2772
0	-4.5672
69.2899	66.6795
69.2899	71.9692
0	-3.05079
69.2899	87.2504
0	-7.18129
69.2899	64.3113
69.2899	70.2235
69.2899	78.4111
69.2899	60.1288
69.2899	62.6531
69.2899	65.6406
69.2899	67.2172
69.2899	84.0822
69.2899	65.7174
0	-3.41739
69.2899	69.1859
69.2899	63.3167
69.2899	66.0118
0	1.61961
69.2899	71.673
69.2899	75.8659
69.2899	75.0256
0	0.394895
69.2899	57.5059
69.2899	71.1504
69.2899	62.4841
0	-0.197613
69.2899	62.6333
0	-5.62737
69.2899	73.6795
0	3.90831
69.2899	69.1085
69.2899	73.8089
69.2899	69.9882
0	-2.23471
69.2899	65.262
69.2899	72.6594
69.2899	69.1883
0	0.938518
0	1.36673
69.2899	69.167
69.2899	78.6221
69.2899	66.4627
69.2899	66.3691
69.2899	79.0497
0	-3.92798
0	0.171236
69.2899	71.8848
0	-3.87809
69.2899	75.3357
0	-6.04408
69.2899	57.9425
69.2899	71.2968
0	5.95296
69.2899	68.4195
69.2899	64.8079
69.2899	68.5138
0	1.95776
69.2899	63.8248
0	2.78595
69.2899	63.1378
69.2899	59.0101
0	-1.7557
69.2899	69.8257
69.2899	75.0395
69.2899	56.1957
69.2899	68.2841
0	0.369498
69.2899	68.6389
69.2899	72.2463
69.2899	66.169
0	-3.15699
0	4.37048
69.2899	75.4087
69.2899	63.8348
0	1.13211
69.2899	65.4639
0	1.63806
69.2899	71.8667
0	-2.66804
69.2899	71.2042
69.2899	56.2941
69.2899	87.2945
69.2899	73.2098
69.2899	63.9917
69.2899	77.7806
69.2899	59.5559
69.2899	67.7664
69.2899	61.728
69.2899	72.6762
69.2899	61.5215
69.2899	74.4917
69.2899	64.453
69.2899	59.9643
69.2899	70.8621
69.2899	78.6671
69.2899	72.7435
0	0.448124
69.2899	52.2601
0	-1.13684
69.2899	53.5489
69.2899	64.9504
0	-0.573128
69.2899	80.7134
0	-0.0497129
69.2899	70.2316
69.2899	77.3669
69.2899	73.1386
69.2899	70.3732
69.2899	69.0216
69.2899	49.7408
69.2899	67.2867
69.2899	80.3183
69.2899	62.1832
69.2899	70.7661
69.2899	75.5521
0	-1.01546
0	-1.83281
69.2899	73.5169
69.2899	71.168
69.2899	66.5408
69.2899	87.949
69.2899	80.8496
69.2899	63.9262
0	-0.680162
0	-3.16785
69.2899	65.5673
69.2899	71.9592
69.2899	65.0309
69.2899	51.9797
69.2899	63.4925
69.2899	87.3785
69.2899	69.8178
69.2899	69.9477
0	-1.7304
69.2899	72.1516
69.2899	61.7767
69.2899	60.6347
0	9.43673
69.2899	63.6952
0	0.186295
69.2899	69.7912
69.2899	50.5279
0	5.08297
69.2899	61.8879
0	-1.618
69.2899	56.7724
69.2899	69.5679
0	2.61702
69.2899	73.7522
69.2899	52.9583
69.2899	52.9142
0	-7.25628
69.2899	78.7804
0	-1.31042
0	-2.04549
69.2899	67.845
69.2899	68.1086
0	3.70788
69.2899	79.8899
69.2899	86.3748
69.2899	63.1923
69.2899	72.2712
69.2899	74.8205
69.2899	64.6452
69.2899	71.4142
69.2899	70.5722
69.2899	60.3188
69.2899	68.1262
69.2899	70.765
69.2899	69.7002
0	-0.777474
69.2899	67.8755
69.2899	70.8103
69.2899	64.6101
69.2899	69.7874
69.2899	57.4615
69.2899	63.3118
69.2899	62.7349
0	0.293266
0	-2.55064
69.2899	70.5589
69.2899	72.4722
69.2899	62.0613
0	2.08629
69.2899	62.2095
0	5.51343
69.2899	63.0801
69.2899	63.3846
0	0.508317
69.2899	76.2231
69.2899	70.6996
0	-0.219065
0	0.176796
0	5.04291
69.2899	84.2153
69.2899	82.0647
69.2899	57.1266
69.2899	77.4905
69.2899	68.883
69.2899	72.8681
69.2899	73.6766
0	6.27162
0	1.44667
69.2899	61.839
69.2899	74.8832
69.2899	72.3208
69.2899	72.5974
69.2899	69.0002
69.2899	69.0685
0	1.73019
69.2899	71.84
69.2899	80.2854
69.2899	77.171
69.2899	67.4103
69.2899	64.7195
0	5.63217
69.2899	73.9639
69.2899	60.1671
69.2899	58.9873
0	-4.62763
69.2899	71.0163
69.2899	59.7251
69.2899	73.6539
69.2899	76.6203
69.2899	60.8428
69.2899	73.4105
69.2899	71.8495
69.2899	72.4877
0	2.05546
69.2899	84.2399
69.2899	65.4242
69.2899	63.5578
69.2899	67.6163
69.2899	78.828
69.2899	63.9961
69.2899	72.5413
69.2899	75.6502
69.2899	73.3504
69.2899	74.4265
69.2899	87.8356
69.2899	54.8921
0	-6.76874
69.2899	75.3127
69.2899	77.7411
0	-0.767479
0	-0.228665
69.2899	72.2365
69.2899	62.2483
69.2899	67.7448
69.2899	62.7761
69.2899	71.4679
69.2899	74.1176
69.2899	60.1387
0	1.65964
69.2899	70.1134
69.2899	76.4074
0	-0.896755
69.2899	67.8001
0	0.740411
69.2899	58.7753
69.2899	55.2466
69.2899	69.175
69.2899	87.7129
0	5.2721
0	-0.81905
69.2899	75.9357
69.2899	66.8616
69.2899	64.1414
0	2.77284
69.2899	64.6154
69.2899	64.8223
69.2899	51.3987
69.2899	66.9001
0	0.41013
69.2899	76.3394
69.2899	65.2187
69.2899	62.4117
0	1.95668
0	0.655766
69.2899	64.9303
69.2899	70.5257
69.2899	80.5804
0	5.40717
69.2899	57.5795
69.2899	65.7346
69.2899	48.9977
69.2899	77.1615
69.2899	62.2401
0	-1.01187
69.2899	66.8283
69.2899	71.0059
69.2899	72.8073
69.2899	78.5786
69.2899	87.1768
69.2899	78.0964
69.2899	62.2699
69.2899	59.3501
69.2899	59.3956
69.2899	73.2072
69.2899	76.7274
69.2899	62.9617
69.2899	81.3369
0	-0.52285
69.2899	75.015
0	-2.23222
69.2899	76.3085
69.2899	68.238
69.2899	71.6757
69.2899	69.1423
69.2899	76.1618
0	-0.331938
69.2899	77.0576
69.2899	66.446
69.2899	78.6313
69.2899	68.1929
69.2899	77.9329
0	-3.55881
69.2899	65.267
69.2899	62.6336
0	1.26406
69.2899	73.007
69.2899	63.7039
0	-1.25414
0	7.33557
69.2899	68.1037
69.2899	63.0256
69.2899	80.417
69.2899	73.5019
0	0.235622
0	1.49927
69.2899	77.79
0	0.715186
69.2899	74.7624
69.2899	65.0685
0	7.83112
0	4.34389
69.2899	60.015
0	-2.02647
0	-2.94709
69.2899	68.1245
0	-7.67698
69.2899	66.375
69.2899	68.1935
0	-0.155979
0	-4.30306
69.2899	62.2571
69.2899	70.0783
0	-2.27349
69.2899	71.8559
69.2899	71.1203
69.2899	63.2471
69.2899	76.2471
69.2899	63.498
0	1.05505
69.2899	80.8407
69.2899	70.7628
69.2899	73.4932
69.2899	72.0169
69.2899	60.4883
0	-2.1426
0	-4.20716
69.2899	67.1157
69.2899	79.4777
69.2899	69.01
69.2899	70.3692
69.2899	58.8181
69.2899	49.5932
69.2899	67.9753
69.2899	58.9615
69.2899	59.3203
69.2899	58.7167
69.2899	73.5375
69.2899	56.7036
69.2899	64.0595
69.2899	78.9555
69.2899	77.8311
69.2899	67.3773
69.2899	59.4143
69.2899	59.6405
69.2899	81.0472
69.2899	67.4123
69.2899	79.2415
69.2899	67.9396
69.2899	59.0793
69.2899	63.9451
0	6.43621
69.2899	78.7851
69.2899	59.6205
69.2899	70.7369
69.2899	75.8965
69.2899	53.869
69.2899	69.1829
69.2899	66.1291
0	2.43889
69.2899	71.2973
69.2899	71.3134
69.2899	74.5795
0	3.1441
69.2899	59.9996
69.2899	57.9824
69.2899	66.7008
69.2899	79.0837
69.2899	60.3981
0	-9.24717
69.2899	71.7274
69.2899	80.1176
69.2899	71.1908
0	-0.525382
69.2899	67.0597
69.2899	68.3307
69.2899	74.1733
69.2899	64.2755
69.2899	71.8968
0	3.42745
69.2899	69.4608
69.2899	68.6678
0	3.89808
69.2899	58.3161
0	1.54935
69.2899	64.1151
69.2899	77.0581
0	2.28195
0	-1.65
69.2899	58.1991
69.2899	61.6984
69.2899	65.1469
69.2899	66.9382
69.2899	69.7217
69.2899	70.1603
69.2899	81.893
69.2899	78.6272
69.2899	74.8126
0	-2.93869
69.2899	77.8403
69.2899	62.2789
0	1.96964
69.2899	66.4166
69.2899	61.0973
69.2899	67.5236
69.2899	52.5209
0	-4.15113
69.2899	69.9705
69.2899	78.4994
69.2899	74.7009
69.2899	69.4058
69.2899	77.4844
69.2899	77.1259
69.2899	63.0871
69.2899	84.4217
69.2899	63.0116
69.2899	70.7119
69.2899	72.1221
69.2899	69.4118
69.2899	76.1227
69.2899	78.9711
69.2899	70.0041
69.2899	56.0978
0	2.03018
69.2899	61.8407
69.2899	70.9558
69.2899	69.7881
69.2899	69.7199
69.2899	76.2522
69.2899	60.0696
69.2899	80.904
69.2899	72.5645
69.2899	63.3573
0	1.68381
69.2899	72.5966
69.2899	71.9773
69.2899	71.8711
69.2899	70.0477
69.2899	76.8947
69.2899	57.4271
0	4.4334
69.2899	72.6785
69.2899	72.091
0	2.86905
69.2899	65.914
69.2899	60.9787
69.2899	52.3483
69.2899	71.2853
69.2899	61.5246
0	-6.40246
69.2899	66.4821
69.2899	55.9156
0	2.75077
0	-2.67802
69.2899	79.9054
69.2899	57.2438
69.2899	59.1088
69.2899	53.126
69.2899	65.7192
69.2899	68.3406
69.2899	72.0694
69.2899	70.7521
69.2899	75.1206
69.2899	63.1278
69.2899	62.3524
69.2899	72.9165
0	2.43467
69.2899	67.2595
0	-5.44838
69.2899	71.1623
69.2899	78.0863
69.2899	60.4218
69.2899	63.7064
69.2899	63.9321
69.2899	67.574
69.2899	73.7982
0	-3.41827
69.2899	72.0459
69.2899	60.6926
0	3.99811
69.2899	60.216
69.2899	70.1689
0	0.351353
0	3.0381
0	0.108783
69.2899	65.8534
69.2899	52.7865
69.2899	61.0978
69.2899	55.5953
69.2899	77.5996
0	3.01511
69.2899	63.1831
69.2899	70.0507
69.2899	61.6194
69.2899	58.0851
69.2899	75.337
69.2899	61.8388
0	-9.46376
0	-0.166499
0	-0.440569
69.2899	60.1121
0	3.57149
0	-1.91441
69.2899	53.2047
69.2899	66.9633
0	-1.88235
69.2899	64.91
0	-1.87372
69.2899	76.0995
69.2899	59.1042
69.2899	68.5542
0	3.72975
69.2899	74.7005
69.2899	66.863
69.2899	71.9579
69.2899	67.7679
69.2899	73.9042
0	2.6008
69.2899	53.5789
69.2899	65.1112
69.2899	47.1923
69.2899	53.9327
69.2899	64.5373
0	0.424962
0	-2.69547
69.2899	78.765
69.2899	73.6395
0	5.70911
0	2.51721
69.2899	68.6762
69.2899	65.5511
69.2899	74.3391
0	1.6947
0	-10.3821
69.2899	41.8196
69.2899	68.9291
0	-3.60743
69.2899	79.6113
69.2899	65.2572
69.2899	71.2869
69.2899	65.2466
69.2899	63.2564
0	1.84046
69.2899	70.0927
69.2899	63.1555
0	-6.89587
69.2899	72.8116
69.2899	59.2615
0	-2.00997
69.2899	71.6857
69.2899	68.459
69.2899	57.7716
69.2899	52.1567
69.2899	77.0881
69.2899	72.8577
0	-1.22422
69.2899	62.554
69.2899	74.51
69.2899	76.7982
69.2899	44.1369
69.2899	56.619
69.2899	82.813
69.2899	52.7422
69.2899	68.7977
69.2899	73.9823
69.2899	64.9201
0	1.26447
69.2899	60.3537
69.2899	74.9343
69.2899	60.7984
69.2899	69.2586
69.2899	77.672
69.2899	70.0669
69.2899	74.7649
69.2899	77.2879
69.2899	65.2865
69.2899	73.3882
69.2899	66.1425
69.2899	69.5673
69.2899	76.6556
0	3.3919
69.2899	78.2435
69.2899	55.8471
69.2899	76.7759
69.2899	66.7123
0	3.84216
69.2899	69.3212
0	-4.88804
69.2899	76.7238
69.2899	86.5712
69.2899	76.8226
69.2899	84.1073
69.2899	69.0731
69.2899	64.5089
0	-7.67273
69.2899	75.1783
69.2899	72.6619
69.2899	74.4451
69.2899	71.1881
69.2899	83.4825
0	-1.3415
69.2899	71.3442
69.2899	70.9855
