28.2759	1.67731	-2.44342	
32.852	0.793823	-0.612307	
22.97	1.64225	0.468031	
39.7381	1.29406	-0.0116999	
47.9862	0.876739	2.44808	
42.7124	0.568615	1.19463	
49.3302	2.07576	-2.6287	
45.2116	1.52598	3.0146	
49.8229	0.619753	-2.30495	
17.7081	2.40865	2.74086	
20.2704	1.48643	0.825396	
41.3418	0.626197	0.244228	
22.1156	2.73175	2.71931	
39.6056	1.55471	1.27331	
39.9685	2.38942	-1.94033	
10.1255	1.6282	-0.836664	
23.7762	2.06394	-1.05368	
50.5113	1.73939	-0.259227	
46.6741	0.785884	1.79086	
25.0101	0.531127	-1.20154	
9.68751	2.25963	2.64303	
40.7287	1.96862	2.35831	
38.3409	1.6818	0.790018	
38.7435	1.41003	0.930212	
19.9212	1.4973	0.355108	
20.9648	2.89478	0.954062	
48.1048	0.860251	1.01701	
35.8191	2.0162	-2.84114	
12.8226	1.97388	-2.14521	
51.2371	1.97274	3.06457	
23.1455	0.636382	-3.00014	
20.4791	1.10017	-3.10855	
31.9641	1.26589	-1.27103	
7.5845	0.513859	1.39177	
49.599	2.03224	2.78829	
47.8867	1.57392	-1.42307	
23.9464	1.00152	-2.23149	
51.4096	1.19429	-1.65541	
30.1115	0.806979	-2.7623	
39.3937	0.569861	-2.86429	
46.7087	1.98413	-2.41713	
50.1781	1.82442	2.78398	
30.877	1.61418	-2.64727	
26.8123	1.50507	-0.377299	
47.3327	1.94652	2.19446	
32.2558	2.85096	-0.578291	
36.1123	0.870036	-2.72839	
25.2272	1.41087	1.36537	
46.6932	2.41148	-2.76543	
42.7016	2.37541	-1.5689	
28.1143	2.49954	-0.469906	
38.7726	2.09392	-1.91452	
27.9067	1.03138	2.30576	
48.4862	1.37397	2.30079	
13.1877	2.2174	0.369587	
50.4101	2.39093	0.330276	
35.8278	0.779055	-1.61841	
29.052	0.997226	0.190308	
13.5911	1.19317	3.06587	
44.7369	2.13902	-1.46783	
25.3944	2.63924	-1.66159	
42.702	2.82297	2.95722	
15.6713	1.55884	2.897	
23.8402	0.353201	-1.5399	
36.6056	2.22762	-1.16336	
39.1449	2.00161	-2.52784	
49.939	2.47909	1.34136	
12.5136	0.705924	1.05904	
44.7354	1.15719	3.12316	
33.1478	1.66569	-1.2785	
49.1329	1.56434	1.66984	
39.5895	2.04609	-2.74279	
16.2732	0.326348	-0.252839	
35.2255	1.34017	-0.18424	
2.58714	1.17851	-2.02627	
47.2805	1.59882	-2.93335	
44.0092	1.9587	2.56843	
33.9384	1.04928	-2.38211	
49.0806	1.61852	0.605789	
46.4462	2.14204	2.52729	
38.1147	1.3416	1.62642	
0.958783	2.1881	-1.65776	
31.353	2.1938	-1.56263	
23.6289	1.73982	2.22515	
43.2354	1.26682	1.89401	
32.8539	0.828626	-1.05681	
26.5569	0.695182	2.25222	
22.617	2.12267	1.23005	
11.1085	1.50261	-2.86934	
41.5183	1.11072	1.86455	
35.0432	1.59	-2.32371	
23.118	2.38151	2.10026	
47.1162	1.80668	0.420585	
37.0547	0.166853	-1.28591	
13.9033	2.21713	-0.656554	
44.1124	2.19432	1.4434	
24.2214	1.77316	0.00961365	
34.9413	1.15682	1.88216	
48.7084	2.07091	2.05331	
23.2373	0.892891	2.26996	
27.7185	1.37866	-2.00609	
47.6586	1.10908	-2.06982	
12.4571	1.21735	-1.44949	
45.2915	0.763435	1.47667	
35.0164	1.80085	-1.61756	
30.3231	1.99727	-1.215	
47.2954	2.16178	-1.4457	
51.3408	1.61933	2.18656	
43.1336	2.73816	0.884634	
11.6092	1.68627	-1.43005	
34.3055	1.52727	-1.95775	
44.7166	2.59644	-2.57714	
37.1772	0.803989	-2.01568	
50.559	0.510087	-1.55662	
34.9227	1.59623	1.8752	
26.9608	0.708966	-2.78485	
51.4409	1.56987	-1.58341	
24.0667	1.09497	2.59371	
31.6757	1.85462	-1.20598	
46.3552	1.41663	2.4062	
36.3236	1.85421	0.558969	
45.4747	1.86254	-0.349712	
51.3908	0.937556	-0.924709	
47.0764	1.00095	-1.8844	
47.3932	2.12098	1.98557	
49.1408	1.07934	-2.10333	
15.5396	2.60795	-0.427458	
51.1297	1.57619	-2.12615	
29.405	2.76064	-0.346738	
13.2577	1.16289	-2.68213	
37.1939	1.18202	2.27305	
17.7045	2.5696	0.84894	
15.7599	2.65547	0.116211	
48.544	1.96291	-2.31281	
25.9621	1.15078	-1.5036	
51.3956	2.0234	0.467483	
15.8131	1.68283	3.14123	
38.6223	2.30065	-0.733392	
50.837	0.88634	0.821509	
49.8656	2.5939	-1.86027	
49.6239	0.713273	-0.444333	
35.5344	1.55154	-1.24711	
51.7603	1.43003	0.229722	
20.0538	1.98588	0.94466	
20.1096	2.2368	-0.386237	
11.0332	1.39314	0.608138	
18.7707	1.13703	-0.43571	
25.9047	1.21763	3.03811	
33.1877	2.10261	-2.37909	
29.3884	2.40687	3.04797	
51.6777	1.74043	1.95837	
26.4155	0.952897	2.21497	
30.1678	2.28157	2.40496	
48.5942	1.91487	2.0071	
48.0429	2.07188	1.05925	
51.6822	1.47009	-1.15836	
17.4364	1.51844	-1.15038	
45.1045	1.55984	0.607009	
44.372	1.91568	-0.840644	
48.2049	2.10312	-0.410697	
45.9975	1.12289	2.42236	
26.4666	1.90951	-1.55993	
15.1196	1.26664	-1.36087	
14.6256	2.1036	2.70459	
21.8411	1.63141	-0.0968547	
20.8886	1.10237	0.288571	
41.2424	1.66694	1.96279	
42.8879	0.649516	2.21252	
31.2055	0.573178	2.9466	
48.2005	1.79195	-2.27917	
40.674	2.96925	-0.0199407	
50.1095	2.1517	1.99126	
52.2672	0.524739	-0.960218	
24.9583	1.0306	-0.111665	
25.9366	1.88638	-1.44939	
36.982	0.841103	0.76197	
50.1823	1.27057	1.55545	
20.4511	1.44399	-1.33774	
47.8393	1.24595	0.567274	
29.6882	1.32978	-1.18112	
45.8176	1.54884	-3.06203	
33.1105	0.313843	0.14884	
40.3085	0.587874	-1.65789	
13.5	0.607514	-0.876428	
30.4458	1.70059	2.2401	
49.2274	2.57577	1.16394	
40.0626	0.525545	2.84804	
29.8436	1.03393	-0.234746	
47.8975	0.703375	0.265447	
44.3737	1.72164	0.940346	
50.8826	1.18971	-2.9158	
47.9303	2.19739	1.71413	
38.3855	0.778314	0.743802	
46.74	1.09917	0.138095	
51.7005	0.689711	-1.79745	
45.5086	1.0951	2.92285	
49.8965	2.20213	0.505979	
48.1649	1.77589	-2.66722	
40.4956	2.33939	-3.0142	
24.3219	1.10949	-2.91038	
38.0511	1.55174	0.724759	
41.0485	1.51774	-2.12167	
49.0948	0.245879	-1.54157	
41.4845	1.34483	-1.42386	
46.9357	2.11367	-1.28203	
37.4982	1.48803	-1.82727	
22.3735	0.343161	-2.88983	
43.1265	2.41214	-1.00701	
23.4862	2.15849	-1.7582	
50.0731	2.36957	-0.719105	
50.8707	0.563292	1.10675	
33.9172	1.73135	-2.71069	
40.4563	1.80241	-0.232055	
26.5982	2.30209	-0.911378	
43.8177	0.76425	-3.1311	
18.0642	2.47852	0.942777	
34.8851	0.761143	-2.88538	
46.8856	1.53682	2.72852	
35.0523	0.954044	3.07682	
43.8681	1.39321	3.03835	
34.5477	1.62657	-2.65702	
30.58	1.86013	2.3745	
44.9725	1.08658	-0.3384	
51.2088	1.63867	0.438867	
26.1535	1.40222	-0.33662	
40.7469	1.62543	0.483727	
18.4201	2.41459	1.13996	
37.897	2.11281	-0.188536	
52.3373	0.461658	-1.36322	
27.9611	1.97977	1.40779	
35.3167	1.65825	-0.060123	
20.7661	2.14056	-0.704701	
23.8939	0.355886	-0.493548	
36.5032	1.59472	0.0800766	
21.7151	1.07948	-2.31674	
35.4688	1.61842	-0.402936	
29.843	2.62713	1.73616	
36.9259	1.65109	-0.0644073	
49.3228	1.32239	0.619249	
26.8388	2.47013	-1.43124	
47.9615	0.285994	1.03346	
22.5315	2.01709	-0.988333	
13.2854	0.917393	2.64149	
38.335	0.746197	3.04786	
51.262	1.09739	2.06238	
44.2216	0.200515	0.804639	
49.9347	1.47271	-0.292459	
9.0735	1.64017	2.98838	
27.5161	0.892529	-1.6776	
51.9071	0.431967	-2.58345	
28.7836	2.28093	3.0532	
42.3017	1.10599	-0.735609	
52.2411	2.65551	-0.680957	
50.0538	0.960398	-1.03239	
12.3058	1.87678	-2.62112	
29.5537	2.16287	0.844223	
42.5558	1.13664	-0.623828	
27.3174	2.25775	-2.18174	
34.0527	0.514542	2.51789	
42.1905	1.70938	1.01921	
11.7257	1.53695	2.58204	
40.3841	1.89849	1.71476	
42.766	2.22125	1.56553	
36.9001	1.36216	-2.61571	
23.688	1.44261	1.54134	
51.7829	1.32755	0.200188	
47.7315	1.59219	1.33789	
39.6596	0.783593	-0.714801	
12.7788	0.572311	2.60854	
30.0629	2.55887	2.07018	
36.6348	1.03381	-1.23482	
42.9602	1.75837	-0.553168	
19.5052	1.09134	3.07845	
48.5614	1.67408	-2.63277	
12.4601	1.57963	-1.58332	
24.663	2.79628	-2.81206	
24.8398	1.60464	-2.10848	
44.7931	1.39979	0.142567	
39.8416	0.774654	-2.05613	
47.4886	2.16397	-3.05929	
48.7069	1.31403	0.64819	
30.275	1.9442	-3.13278	
51.584	1.55374	2.2795	
15.5647	1.3822	2.96039	
43.8427	0.748213	-0.178738	
26.8229	1.50939	-1.83743	
6.81344	0.652546	-0.513391	
41.2588	1.24102	1.96488	
35.9357	2.68593	-0.466577	
17.4181	1.68917	-2.59091	
8.94163	1.11462	-0.499376	
15.4348	1.40039	0.339749	
39.9115	1.64825	-1.32293	
21.3992	0.650825	-1.93254	
36.653	1.15416	-1.33791	
17.9313	2.19283	2.27343	
22.8691	2.50811	0.0029687	
46.2243	1.45428	-0.197994	
21.3458	1.13191	-0.581738	
41.8148	0.731438	0.0528235	
26.9924	2.42088	0.939475	
35.6325	1.53136	2.14817	
43.3748	2.14265	0.728369	
46.0625	1.7588	2.37791	
50.4866	1.70712	-0.426382	
52.156	2.27277	-2.14941	
24.2755	1.84135	0.429908	
48.0482	0.595269	0.479423	
27.6856	1.41169	2.54724	
9.21538	1.66513	2.89388	
49.1391	1.55716	-2.61338	
45.9562	1.11404	1.82591	
32.2842	1.5502	0.189583	
51.6239	0.36154	1.51557	
33.1697	1.98263	0.850972	
38.2231	0.563624	-1.97717	
15.6182	2.50965	2.4834	
3.6015	2.01869	-1.69212	
47.1155	0.802979	-1.32385	
35.4115	0.896858	2.245	
37.6377	1.09213	-2.44597	
30.744	1.19235	-0.615686	
45.2194	1.02991	-0.344548	
37.1051	2.04606	-1.39772	
49.5868	1.53763	-1.91385	
24.0002	1.44748	-2.07162	
38.714	1.62379	-0.917322	
52.0979	2.15766	-2.65672	
44.3164	1.94085	-1.37225	
36.7427	0.410637	-0.697572	
46.5534	2.97073	-0.814781	
26.4383	2.19933	0.475431	
45.7005	1.58623	2.00383	
32.0968	2.32933	-2.68228	
26.0253	2.554	-0.368235	
45.9271	1.25276	-1.08715	
49.3046	0.355665	-2.70587	
38.0231	2.30392	2.5304	
23.4328	1.85169	2.64567	
43.6062	1.44509	-2.47782	
49.6599	1.35555	-0.585442	
24.3185	1.51472	0.010082	
35.7806	1.90965	-2.53958	
33.3871	2.87652	0.0807925	
9.95879	0.674373	-0.24991	
51.1962	2.70503	-2.15072	
41.9518	0.678624	-2.52213	
43.5681	2.15188	0.436025	
43.3298	1.21618	-0.525031	
28.7997	2.09521	1.91036	
46.4262	2.39892	2.95968	
9.73476	0.762872	-3.0903	
26.4979	1.55456	2.7093	
43.8993	0.731884	-3.11661	
36.2787	1.4194	2.67754	
28.6316	2.11899	-3.07634	
44.7076	1.97362	-2.11375	
46.1141	2.27014	-2.84144	
38.9333	2.80357	0.283406	
25.958	2.34994	0.748874	
49.0692	2.72646	1.61691	
48.845	2.33752	-0.947532	
48.0111	0.480897	2.36359	
45.3357	1.97582	-2.23905	
47.354	2.02695	1.71497	
45.1374	2.28064	1.96933	
6.49597	1.8059	2.98509	
46.1276	1.02293	0.666705	
16.3773	1.52255	1.877	
46.8808	3.01647	1.24571	
27.6476	1.85868	0.246026	
47.9754	2.87098	1.9804	
43.3137	1.68818	-0.934486	
49.5817	2.26655	-2.26304	
49.8657	0.499744	-1.28405	
44.3541	1.72856	-1.9322	
49.6747	1.37206	0.906363	
36.0542	2.39167	-1.17989	
37.0982	1.43862	-3.0334	
44.1177	2.38001	0.247238	
49.0864	2.02413	-2.60298	
28.1123	1.21979	-3.12756	
47.0712	1.06991	2.62723	
44.8557	1.41849	-0.412409	
20.4502	2.37888	-2.86331	
34.3447	1.40791	-1.68037	
41.0906	1.78756	-1.92192	
30.5484	1.61231	1.32783	
10.2676	0.603611	-2.96945	
36.3518	1.5083	-0.907619	
42.4359	2.92522	2.75945	
51.0577	1.72083	-0.685078	
31.8198	2.23379	-1.26018	
23.0511	0.651658	2.8332	
45.9441	1.52363	1.16616	
43.627	1.94003	1.06228	
33.315	1.8024	0.620632	
27.8562	1.7803	1.87878	
35.0489	1.69543	2.41697	
25.1916	1.58642	-1.67894	
29.14	2.39703	1.2666	
10.4282	1.27243	1.95507	
11.4522	1.77597	-0.415506	
28.4248	1.8569	2.30676	
42.122	1.48868	2.03195	
45.4364	1.11542	-1.02943	
46.5106	2.66298	-1.60505	
23.0225	3.05764	0.601332	
22.6831	2.60003	0.0732499	
44.1139	1.33053	-1.69814	
41.2416	1.24316	1.87415	
47.1346	2.74524	-0.0417213	
48.2918	3.06467	2.19138	
32.82	1.60604	-0.785836	
25.2331	0.500461	-0.582453	
20.5266	1.91915	2.86061	
48.9808	1.63831	0.332625	
42.4771	1.04449	2.62338	
49.1904	2.31284	-0.244704	
37.7263	0.466876	0.911513	
49.8669	1.05907	0.112321	
45.0633	0.896983	-2.91331	
36.5413	2.11671	-0.392722	
43.2045	1.96903	1.28166	
44.1239	1.92632	-0.612023	
42.8004	0.943573	0.0478605	
48.8649	1.95211	-1.61616	
18.2471	2.70891	-0.515211	
42.6638	1.37028	-1.53626	
10.579	0.118812	1.61118	
50.1089	0.978862	-0.750881	
35.988	2.07148	0.842713	
49.5723	1.22575	2.51331	
31.2652	2.33565	1.07163	
20.5641	0.750699	-1.61875	
9.64999	1.64531	2.63861	
12.397	1.3028	1.35284	
26.7246	1.56315	1.79146	
51.5564	1.7392	-2.95243	
30.1957	2.29677	1.46722	
24.5624	1.2281	-1.34822	
38.4296	1.93207	-2.18951	
47.6405	1.73247	1.71348	
28.5036	1.90449	-2.90661	
30.5023	0.855723	-0.330072	
30.0798	2.48173	-2.50673	
35.584	1.66062	1.09319	
26.249	0.507607	-0.590671	
21.5924	1.25004	-2.95975	
48.8471	1.55109	-2.67718	
3.9836	2.68519	-2.23757	
37.3254	0.880435	3.01064	
36.3674	1.76903	0.359897	
27.7494	1.23683	-2.60548	
32.1291	2.23031	-0.430998	
7.73229	1.86016	1.01369	
7.81433	1.19085	-2.27577	
37.0983	0.998507	-0.129645	
20.7275	1.54016	2.4874	
47.457	2.00767	2.43013	
40.2781	0.936973	-1.2519	
28.1345	1.22463	1.46473	
12.69	2.05851	0.240021	
50.696	1.96832	-1.97035	
47.8019	0.514417	-0.522479	
52.0601	2.01309	1.05044	
22.1376	1.91654	0.475128	
50.4836	1.41487	0.15457	
8.1293	2.15172	1.06771	
36.5714	2.58927	0.305505	
45.2547	1.24278	2.17409	
41.5667	1.05387	0.737703	
40.0963	1.84245	0.740077	
41.5166	1.73985	0.532712	
21.5408	2.22938	0.624188	
32.9241	1.17366	2.05993	
28.7358	1.05598	-1.94105	
33.5615	1.18885	1.33991	
7.1343	1.59658	2.24453	
29.4274	2.06277	3.01501	
32.8044	1.97849	0.268382	
29.7296	0.794899	2.83208	
39.9901	1.15914	-3.14023	
33.6176	1.83143	3.09622	
42.9383	1.21685	-2.30575	
35.6772	2.24459	-2.51045	
40.0435	1.96212	-1.38336	
34.8186	2.30699	1.76535	
45.5676	1.91351	0.186372	
47.0287	2.45733	1.46266	
36.267	1.44193	-0.160149	
44.5488	1.11707	2.42711	
36.2443	1.7252	-2.19439	
27.4184	1.40345	-1.71967	
45.6177	1.79102	1.61776	
35.9264	1.3621	0.298771	
11.08	1.13521	-1.30631	
33.5035	2.16077	-1.42378	
42.171	2.88363	-2.76894	
40.481	2.5082	-2.75213	
16.2579	1.8755	-0.992249	
5.40521	0.639378	-2.9442	
49.2028	2.73671	-0.359474	
33.059	2.32703	-2.32077	
0.34558	1.22138	-0.17265	
24.7355	1.49912	-1.21211	
6.39199	0.349892	2.07288	
43.7829	1.43639	0.590906	
35.4364	0.18574	-0.262745	
25.7784	2.14618	1.01113	
32.8016	1.90286	2.97313	
5.99269	3.07645	2.04229	
31.5549	2.22693	2.3104	
41.9983	1.74045	1.0898	
38.307	1.383	-0.511182	
50.5361	2.58506	-2.1553	
9.00747	1.71165	1.54834	
12.2304	1.10631	3.10318	
49.3406	1.37245	-0.456828	
24.8704	0.691971	-2.46027	
29.1309	1.01512	-0.0582974	
17.7429	0.120946	0.701272	
30.9018	2.68293	0.227331	
41.2809	0.728621	-1.27133	
17.3048	2.41726	1.75925	
45.5339	1.20901	2.63672	
29.4014	0.879197	-3.13777	
39.0565	1.63626	1.46355	
19.8514	2.7955	-1.38975	
42.8948	1.19782	0.643243	
27.4682	0.0835921	0.985088	
39.7209	0.937746	-2.72282	
30.1147	1.93504	2.21879	
44.618	1.89902	0.303781	
36.7649	2.46142	-2.74655	
31.5421	2.27344	1.98124	
19.5235	1.79956	2.17647	
37.7797	1.66412	-0.765174	
37.6311	2.10266	1.32012	
49.3397	1.95081	-1.00904	
44.0376	1.45692	-0.791299	
44.1244	2.43674	-0.101909	
28.6694	2.46687	-0.732417	
24.4258	1.48708	-2.11225	
5.73499	0.794362	-2.06401	
28.9886	0.608106	0.109497	
51.6071	0.763785	1.28097	
24.218	1.67688	1.15421	
25.5263	2.35723	-2.18546	
43.9745	1.39886	-1.52889	
5.71601	2.70655	1.72477	
18.6318	1.28186	2.77804	
50.1719	1.77974	-0.732129	
19.0724	0.764843	0.331704	
40.6584	0.892798	-0.182876	
23.2441	0.9066	0.883392	
15.1138	2.96193	-1.47825	
34.3433	1.86561	1.53275	
29.7645	0.812829	-0.254887	
41.5907	1.4342	2.04765	
42.5989	1.66268	-0.514484	
22.0873	1.72435	-2.11916	
52.3834	2.14108	1.23586	
19.6025	0.582097	-2.89387	
35.7966	2.15236	-1.83331	
45.228	2.32773	2.17923	
40.3329	1.87788	-1.56645	
45.8278	1.31207	0.167622	
32.8217	1.77608	0.0897706	
22.7302	0.97945	-1.38889	
41.2602	0.730358	0.431073	
34.0911	0.849649	2.40347	
37.6101	1.63085	-2.12559	
40.2745	0.617728	-3.10953	
41.5314	1.91606	-0.569422	
22.9089	0.721919	0.974996	
32.7528	1.86199	2.43638	
29.7665	2.42951	-2.79715	
19.5336	2.65299	-1.30925	
44.6035	2.32584	-0.521188	
42.5161	1.71951	-0.772798	
39.5116	0.571332	-0.831901	
51.3333	2.39721	1.16974	
23.0391	0.282875	-3.01746	
25.4061	2.0808	-2.84998	
44.3381	2.13108	0.8581	
36.726	1.77439	-0.401058	
49.0608	2.27707	0.706727	
21.9861	0.52724	1.86279	
45.4956	2.06363	0.630437	
6.07433	1.00382	2.33264	
47.0889	2.13648	-1.1781	
18.1052	2.58325	-1.94367	
39.4058	1.83673	-3.0886	
31.6709	2.06022	2.13394	
36.5871	1.42779	-2.11601	
48.2387	0.77765	0.204275	
17.6571	1.27802	2.02842	
41.3993	2.72305	-0.848699	
32.0594	0.226976	-0.246912	
36.3235	2.73112	-2.67964	
23.5997	2.51803	0.00504722	
37.8619	1.72566	-1.4114	
11.7511	0.894898	1.37347	
49.2983	1.5455	-2.74435	
44.5831	1.69367	0.174437	
31.3911	1.40166	-2.52154	
25.3463	1.60164	-1.08527	
46.5067	1.67532	1.56254	
36.3376	2.40574	-1.13153	
50.3765	2.39794	0.202164	
49.0253	1.64837	-1.25034	
48.8781	0.545038	-0.643501	
50.0794	1.62932	3.09148	
41.8152	2.09442	0.483117	
37.1556	1.74106	0.368503	
28.0558	1.04615	2.51224	
51.9799	2.54439	0.242434	
51.0545	1.20707	-2.29896	
31.7856	0.776574	2.36535	
29.6227	1.2951	-2.71894	
49.1941	0.794417	2.12626	
34.3798	1.70425	-1.1406	
13.6485	1.05067	2.83215	
49.496	0.822959	-1.00846	
49.3261	0.622633	-2.85362	
39.0733	1.50871	2.35431	
39.0065	1.46771	-1.56033	
47.9288	2.55565	1.73965	
49.1044	1.6183	-0.0857689	
34.7562	0.715581	1.39898	
45.5236	1.86648	1.8458	
48.1526	2.88074	-1.35306	
31.1206	1.66972	0.315482	
32.7209	1.39931	0.182857	
30.3974	2.35427	1.73878	
51.3709	1.73694	1.47509	
39.2848	1.61129	-1.29453	
44.0727	0.59863	1.27643	
31.3086	2.29167	2.07617	
42.9045	1.42911	-1.82648	
52.2622	2.7236	-0.0345492	
14.8396	1.35554	0.0330263	
44.2971	1.25378	-2.36144	
12.5134	2.56549	-0.827037	
49.7286	2.16151	-2.42159	
42.8694	0.562284	-1.92667	
39.4483	2.73298	2.05735	
49.1776	1.63851	2.35612	
13.1191	0.665853	2.6942	
7.70744	0.681328	1.94348	
38.9839	1.5047	0.21105	
43.1853	1.13928	-1.71096	
27.9834	2.29263	1.92157	
45.691	1.2922	-0.141006	
46.6581	2.75882	-2.24173	
46.8972	1.34838	-1.90878	
34.3716	1.05009	-2.11642	
43.5589	0.225941	-0.543353	
38.0922	1.71264	0.0121934	
48.4024	3.02313	2.51762	
44.8448	2.33785	-1.18159	
48.6421	1.56528	2.29373	
13.8338	2.34158	1.7436	
43.6334	1.67739	-0.561556	
25.3367	2.36532	-0.918912	
28.1186	1.15854	0.777221	
36.2369	0.827432	1.41656	
15.158	2.97433	-1.43557	
27.7497	0.768516	-2.26616	
30.993	0.73867	1.58839	
23.0006	0.462667	0.0115354	
49.1165	1.79206	-1.44708	
37.87	2.07035	2.55412	
41.7048	1.4731	-1.8075	
14.7103	1.19744	0.93266	
36.9808	2.49698	-1.23473	
47.1135	2.43583	-0.325842	
42.7533	2.47914	-0.112188	
26.0625	1.45606	0.458954	
34.7344	2.51172	0.630192	
49.8986	1.38376	-2.46193	
28.5886	2.36986	1.30341	
34.2109	2.37858	1.8304	
48.9196	0.97247	2.25892	
37.9117	1.3153	-1.22823	
46.89	0.445794	1.35019	
38.4986	0.382139	2.18201	
24.8925	1.45487	0.226915	
36.6353	1.48635	-1.14164	
26.7058	0.547573	-1.08564	
44.7421	2.42633	0.108921	
12.618	0.783477	-2.67274	
16.9357	1.86452	0.0851724	
41.1702	1.84878	-0.591687	
12.328	2.47094	-2.7871	
33.3873	1.83915	-0.913247	
39.3227	1.08209	1.90408	
34.2328	2.32264	-2.8748	
44.4051	0.986361	2.84731	
40.7537	2.24091	-1.10376	
34.8148	1.36475	1.81918	
40.6901	1.89996	-2.72148	
21.8822	1.70678	-1.22136	
20.555	2.25844	1.10424	
50.5454	0.725364	-0.0712309	
46.7142	1.49279	-0.753896	
46.3788	1.18517	-0.692962	
27.7583	0.659331	0.905044	
46.6642	1.47578	1.45783	
47.169	0.871115	-2.2837	
51.6134	1.6666	0.747215	
49.7782	1.16266	2.25307	
49.124	1.38951	0.431205	
31.0375	1.53512	-1.54768	
10.4875	2.54727	3.05332	
45.9063	2.21714	-1.06254	
39.8112	0.903478	-1.43674	
43.0027	0.183133	-0.144022	
11.5713	1.55779	1.75696	
48.5478	1.78725	1.1529	
42.926	1.78627	1.57077	
9.1776	1.71324	-0.0285308	
30.152	0.469014	0.280965	
32.6594	1.72435	-2.26973	
24.5011	1.23403	-1.07294	
8.33063	1.25517	-2.70488	
19.2459	1.91604	0.00882163	
23.3512	0.970362	-0.0777781	
15.5236	0.902877	-1.61695	
4.69864	1.85339	-1.69471	
47.8205	2.83201	-0.0816745	
23.6662	2.64051	-2.38289	
30.0916	0.588123	-2.67909	
30.4161	1.67712	1.15467	
28.5782	1.91815	2.27822	
40.0552	1.62482	1.38456	
13.4494	2.65852	0.606285	
25.1889	1.54958	1.78545	
45.3342	0.943591	-0.758159	
50.9833	1.27155	2.01977	
33.3452	1.70588	1.59987	
36.2764	2.31416	-1.50203	
40.1993	1.75507	1.05658	
20.9391	1.46412	-1.41429	
18.4073	0.643028	1.16596	
51.6363	2.59532	3.04327	
29.8681	0.703672	2.7089	
51.8847	1.07255	-0.388241	
45.6436	1.30877	-1.26756	
42.1817	2.34606	2.33427	
7.73259	1.15329	2.99023	
37.3971	1.9696	-1.19671	
40.9526	1.48756	-1.94837	
38.7223	1.00185	2.0424	
50.8341	1.74308	2.27971	
32.873	1.48524	0.46511	
47.39	1.53946	1.90655	
50.1184	2.8108	0.524576	
42.3506	0.34617	-0.0161481	
52.2705	2.507	-2.79875	
23.2407	1.45703	-0.0863739	
40.1069	0.719876	3.04146	
21.9035	1.56681	3.08368	
16.7336	1.01814	2.50348	
25.3903	1.4254	3.11748	
47.3242	2.49356	0.869261	
9.25929	1.07441	1.22721	
42.6474	1.7904	2.0117	
22.2344	1.02719	-2.99788	
31.5959	1.28311	2.24562	
41.0114	1.90128	0.481746	
51.6064	2.44181	3.10504	
51.9141	2.58022	1.37413	
37.1293	1.2228	-1.65119	
45.0962	2.32027	0.403405	
38.389	1.68258	-2.54042	
27.6889	2.80032	0.896488	
45.3054	1.16574	-2.81737	
7.3578	1.30522	-2.24244	
24.2249	0.639187	3.07747	
48.9361	1.33027	-0.944166	
37.8907	0.835906	-2.52336	
47.6505	2.24252	1.33627	
41.5289	1.53022	-0.670939	
24.9269	0.454189	-2.96571	
34.3227	1.60451	-1.40559	
19.8483	2.86481	2.1313	
22.8084	2.29909	-2.33991	
41.6576	1.91972	-0.339339	
38.6281	1.10617	-2.9843	
29.1841	0.644317	-1.9754	
41.906	2.59309	1.37972	
41.2255	1.64166	0.123571	
47.8259	1.24769	1.49792	
47.8682	0.869457	1.81005	
22.74	0.773361	1.68924	
39.4718	1.8275	2.7958	
16.9006	0.869615	1.7088	
37.6492	1.32231	-1.88655	
43.4278	1.95094	-0.970674	
47.5228	1.60223	-0.631595	
13.1533	1.3949	-2.93551	
40.6908	0.807882	0.50525	
27.9164	1.82247	2.16868	
46.1882	1.60244	0.785779	
22.3835	2.80295	-1.40113	
8.23941	0.882106	-2.19907	
26.2994	2.59889	-0.382492	
29.1871	0.683559	3.03098	
35.2253	2.11452	-2.40749	
37.9024	1.44973	-0.609655	
33.0522	0.858335	2.22237	
33.2478	0.954749	-2.15964	
30.9936	0.878498	0.133085	
44.9396	2.04635	-2.5058	
42.1414	2.83637	-0.592802	
38.0622	1.73056	0.6586	
47.762	1.35612	1.46749	
19.8647	1.70228	1.37234	
15.5048	2.1631	-3.03721	
43.5627	0.700165	2.87087	
51.5887	2.70569	1.90507	
50.0996	1.54425	0.37018	
30.3917	3.0296	0.904154	
25.6082	2.97127	0.646301	
48.2257	1.14276	0.840931	
18.1332	1.55343	-0.189968	
11.3447	2.60325	0.521494	
39.1049	2.62628	-1.21976	
11.8364	1.93086	1.05578	
48.2815	2.18529	0.132872	
10.0314	1.90707	0.645141	
48.3768	1.54556	0.561019	
48.39	1.31965	2.47762	
41.0247	0.518742	-0.206629	
45.4793	2.09316	1.29364	
26.9613	1.42153	-1.75481	
31.205	1.29328	1.93782	
51.4399	1.30288	-2.51429	
21.031	0.602438	0.746034	
37.8012	1.12677	-0.368152	
49.7457	1.58028	1.69667	
40.8509	1.23877	1.4667	
34.8131	0.667043	1.56746	
30.9218	2.43572	-2.79156	
31.9027	1.57055	0.34123	
15.1104	2.10879	-0.283438	
35.9433	0.919052	2.17875	
34.6834	0.74261	-0.563745	
29.3483	2.13169	-1.01252	
51.3377	0.506065	1.23124	
25.6054	0.491697	-0.248357	
48.1001	1.79998	-0.969888	
46.546	2.70125	0.928772	
50.7708	2.90212	1.97033	
31.1207	0.834565	-0.319226	
35.3351	1.62159	1.91975	
25.7212	2.95291	-2.27746	
18.0295	2.21467	2.66171	
29.4642	0.967438	1.50316	
52.3727	2.79966	0.029869	
12.3313	1.00829	-2.32762	
44.3852	1.98158	1.50148	
36.8342	2.04619	-1.14501	
40.0403	2.07537	2.99832	
37.5217	0.735936	-1.90303	
34.5883	1.08365	-1.56141	
47.207	1.78462	-1.22836	
35.61	1.43907	-1.68712	
21.6898	1.41052	0.917755	
20.6739	2.12437	0.212679	
38.0066	0.570797	1.87494	
8.36827	1.84682	-1.33696	
48.9189	0.566438	0.145309	
47.6652	1.88892	-2.90823	
31.9336	0.479423	0.618241	
29.6915	1.14049	3.07572	
45.6668	1.02071	-0.0647516	
9.34436	1.37769	-2.02597	
26.0123	1.53632	-2.36635	
50.8694	1.1742	0.723936	
51.1274	1.36331	0.995411	
13.1026	0.657013	0.370762	
40.4953	2.84428	1.12001	
25.1231	1.47991	-1.96867	
48.1061	0.664726	1.74301	
29.0461	2.01319	2.796	
41.3011	0.538296	0.681365	
39.5677	1.67322	-1.21041	
20.8763	1.72213	0.893466	
40.0188	1.11012	-1.21377	
19.4417	2.71486	0.643712	
28.7111	1.73436	-2.2094	
36.841	2.67985	-2.803	
52.2761	2.08818	-2.54494	
49.1228	1.82649	-2.40389	
45.4677	1.10382	0.850826	
45.0347	2.59243	0.920352	
42.5105	1.99898	-2.0872	
25.6438	2.12796	2.58802	
46.3957	0.989868	-0.98269	
6.03986	2.22068	0.503426	
40.7439	2.49722	-2.41196	
49.2386	0.582447	-0.467783	
22.226	0.441992	-0.405013	
45.5819	1.69146	2.90116	
30.0828	1.01835	-0.557769	
36.2821	1.32277	0.0621758	
23.4292	1.35888	-2.67386	
43.1428	0.319718	-2.22612	
7.37386	2.37644	-1.71982	
51.2565	0.918704	-2.06504	
33.5205	1.54604	0.176507	
10.6451	1.95149	-2.7187	
41.5657	2.67372	-2.43556	
36.4745	1.48684	-2.13233	
32.7243	0.999341	0.568289	
37.2972	2.59542	0.37654	
46.6045	1.11829	1.2256	
52.3919	2.67492	0.631641	
44.7893	1.07329	2.8234	
11.4711	2.53754	-2.64355	
27.1851	1.04133	2.20082	
46.8621	2.766	1.87235	
14.6219	1.09006	0.4104	
42.9036	1.40234	-0.310795	
52.067	2.77285	2.28063	
24.6905	0.816776	-1.09415	
35.5352	2.35106	2.62907	
51.7105	1.38475	2.85971	
27.6266	2.37302	-1.91481	
47.6659	1.89668	-2.12216	
39.1879	2.4962	-1.70354	
19.3438	0.722914	-2.35496	
29.6	1.81409	-2.37405	
30.521	1.94813	-1.30992	
41.824	1.22474	2.23693	
24.9589	2.26389	-1.22472	
41.1347	1.48618	1.65436	
26.1722	2.4731	1.91433	
40.8356	2.28965	0.698834	
46.6076	0.36259	0.716803	
41.2579	2.87096	2.34503	
51.3047	1.43664	0.126911	
49.703	0.319573	0.181026	
41.1084	2.46223	1.87383	
14.301	1.48418	-0.441202	
28.2324	1.15126	0.551734	
16.9983	1.37726	1.43176	
33.4007	0.901444	1.17457	
25.5077	0.72422	2.25187	
42.1639	2.38222	1.48502	
47.4614	1.83705	-0.675384	
50.7059	1.18348	0.248032	
31.2112	1.57108	-2.25328	
50.5607	1.17668	-0.846	
19.3751	1.98944	-1.29025	
21.614	2.25625	2.54995	
48.1375	1.81343	-0.0929308	
7.82685	2.05772	-0.567622	
26.9101	0.681302	2.79287	
49.0005	0.582294	-2.31311	
49.072	0.89095	0.368025	
22.4531	1.50292	-0.373121	
21.1124	2.95715	0.244469	
24.9685	0.704788	2.22772	
51.0066	1.54032	0.671247	
47.9639	2.62764	1.12916	
47.4638	0.814313	-0.651552	
46.5766	1.22639	2.02947	
43.143	1.91207	2.99361	
41.588	2.72393	-0.85251	
34.3119	2.40027	-1.34378	
16.554	1.80409	1.81008	
7.79527	1.76117	-0.883086	
40.7776	2.46181	-2.86431	
42.1279	0.247374	-1.96518	
40.6868	1.32749	-2.81456	
38.3366	0.62574	1.80122	
26.8384	0.911126	0.851285	
8.42196	2.56288	-0.982233	
52.1769	1.4902	-2.73089	
43.4077	2.17239	-0.23166	
7.80822	0.267677	1.46304	
41.3043	1.50101	-0.221304	
20.4287	1.29029	2.76326	
34.8495	2.22193	-1.47475	
4.61081	1.53622	3.02313	
30.7068	0.882332	1.1547	
21.9861	0.902835	0.092311	
4.03357	1.05035	-1.45535	
40.7699	1.96322	1.74633	
50.8592	1.3186	-0.457783	
36.5882	1.95794	1.6648	
20.9018	0.791654	-0.738843	
16.5447	1.74478	1.88186	
30.3378	1.58246	0.0424886	
38.4349	2.31038	1.3291	
11.5246	0.784754	-0.0252178	
