69.2899	3.136	-2.31512	
69.2899	1.39189	2.70451	
69.2899	0.612147	-2.76106	
69.2899	2.01039	-2.02113	
69.2899	2.80308	2.52379	
69.2899	1.1832	1.2705	
69.2899	1.67027	3.07476	
69.2899	0.854349	-2.15054	
69.2899	1.61902	-0.704777	
69.2899	0.232882	-2.19664	
69.2899	1.4004	0.116103	
69.2899	2.0132	2.09659	
69.2899	0.519513	-1.56982	
69.2899	2.15364	-1.67327	
69.2899	1.67915	1.52854	
69.2899	1.7687	-1.63086	
69.2899	0.763566	2.99858	
69.2899	1.17933	1.98176	
69.2899	0.576323	0.638608	
69.2899	2.6832	0.138629	
69.2899	1.61124	1.3223	
69.2899	1.73863	1.27217	
69.2899	1.96421	-2.76371	
69.2899	2.31576	-0.522784	
69.2899	1.70545	-0.828107	
69.2899	2.00204	2.09637	
69.2899	2.69037	-2.67758	
69.2899	0.881214	2.70108	
69.2899	2.52594	2.49596	
69.2899	1.99964	-2.07905	
69.2899	0.616866	-1.89815	
69.2899	1.82624	-2.30409	
69.2899	1.67276	-2.2763	
69.2899	0.930801	-3.13986	
69.2899	1.99875	2.90233	
69.2899	0.555457	0.715819	
69.2899	1.8256	-0.844185	
69.2899	1.6808	2.62623	
69.2899	0.736424	-0.344815	
69.2899	0.854853	2.93449	
69.2899	2.25401	-0.281492	
69.2899	1.92713	-3.13114	
69.2899	0.650019	-1.31214	
69.2899	0.910433	-1.65981	
69.2899	1.60795	-0.685289	
69.2899	1.63094	-0.760547	
69.2899	0.771375	-0.551598	
69.2899	2.21329	-2.11155	
69.2899	2.19259	0.0401499	
69.2899	1.31716	-2.32366	
69.2899	1.46169	0.194343	
69.2899	2.18944	-2.92186	
69.2899	0.523261	0.398916	
69.2899	1.3943	-2.93452	
69.2899	1.80667	0.906577	
69.2899	0.313387	1.28993	
69.2899	2.24558	0.607816	
69.2899	1.0374	-1.15499	
69.2899	2.37728	-0.931362	
69.2899	1.93304	0.271591	
69.2899	1.75401	-0.285073	
69.2899	0.57495	2.38347	
69.2899	0.9753	-1.96614	
69.2899	2.42424	-2.8447	
69.2899	0.698635	-1.66128	
69.2899	1.80854	-0.839978	
69.2899	1.34625	1.20078	
69.2899	1.67737	0.525791	
69.2899	2.21852	-2.69806	
69.2899	1.81365	0.916098	
69.2899	1.74629	-1.08385	
69.2899	1.61028	1.65593	
69.2899	2.25699	-2.72644	
69.2899	2.37493	-2.94267	
69.2899	0.546529	2.46719	
69.2899	1.51252	2.55968	
69.2899	1.53194	2.80966	
69.2899	2.07032	-2.09638	
69.2899	1.97484	1.77368	
69.2899	2.65281	-3.07241	
69.2899	1.64522	0.916464	
69.2899	1.88596	1.08696	
69.2899	1.95187	-2.58025	
69.2899	2.05262	-0.834513	
69.2899	0.629181	1.95533	
69.2899	1.67218	2.89727	
69.2899	1.68765	1.48462	
69.2899	1.72058	-0.11167	
69.2899	2.57741	-1.18984	
69.2899	2.35699	0.496269	
69.2899	1.5676	-0.890701	
69.2899	0.159615	-2.01195	
69.2899	0.905953	2.62684	
69.2899	1.77417	-1.77993	
69.2899	1.53271	-0.325265	
69.2899	2.09581	-0.309788	
69.2899	2.41803	-0.079947	
69.2899	2.14466	-0.574787	
69.2899	2.27939	1.7912	
69.2899	1.60331	-0.894949	
69.2899	1.5302	0.428505	
69.2899	0.292376	-0.817593	
69.2899	2.46496	-0.413357	
69.2899	1.82119	-1.81445	
69.2899	1.69277	-3.02242	
69.2899	1.46752	2.22443	
69.2899	2.58478	-0.522908	
69.2899	2.26608	-1.88138	
69.2899	1.28914	-1.72424	
69.2899	1.12193	-2.35659	
69.2899	2.3719	1.54702	
69.2899	1.61025	-2.69071	
69.2899	0.914772	-0.683499	
69.2899	0.851048	-2.81604	
69.2899	1.69075	2.18356	
69.2899	2.76861	1.77289	
69.2899	1.59627	-0.128611	
69.2899	1.73248	1.14423	
69.2899	1.90897	0.129425	
69.2899	0.85316	1.20507	
69.2899	0.176434	0.265224	
69.2899	2.624	1.48501	
69.2899	0.734266	0.67644	
69.2899	0.514282	2.98283	
69.2899	1.45843	1.726	
69.2899	0.637079	0.260854	
69.2899	2.40842	-1.80568	
69.2899	1.68732	-0.0113417	
69.2899	2.86641	-1.9688	
69.2899	2.49672	0.759193	
69.2899	1.63388	1.67173	
69.2899	1.89572	1.97658	
69.2899	1.4191	-0.464345	
69.2899	1.52575	2.7963	
69.2899	1.66635	1.29058	
69.2899	1.52681	-2.77516	
69.2899	2.5102	-2.34705	
69.2899	1.76081	-1.14	
69.2899	0.872904	0.794725	
69.2899	2.15111	2.83742	
69.2899	0.447368	-3.13517	
69.2899	1.48149	3.00875	
69.2899	0.811913	-2.84314	
69.2899	1.59374	1.31621	
69.2899	1.5477	0.358667	
69.2899	2.75497	-1.38609	
69.2899	1.73971	1.94682	
69.2899	1.2113	2.15447	
69.2899	1.92156	2.81415	
69.2899	0.554866	-1.68323	
69.2899	2.52582	-0.0903311	
69.2899	2.05641	-2.11739	
69.2899	0.897531	-0.39702	
69.2899	1.53993	2.41731	
69.2899	1.58719	1.33872	
69.2899	0.616098	2.68509	
69.2899	1.32812	2.21575	
69.2899	2.00583	2.87667	
69.2899	2.50939	-2.25552	
69.2899	1.89676	0.0158626	
69.2899	2.00717	1.20659	
69.2899	1.44085	-0.565864	
69.2899	0.921673	-1.14536	
69.2899	2.32153	1.9477	
69.2899	1.73568	-1.88278	
69.2899	2.4578	-1.48248	
69.2899	1.42482	2.16615	
69.2899	1.94543	-0.70362	
69.2899	0.650417	-1.46117	
69.2899	2.06445	0.276726	
69.2899	1.97108	2.28343	
69.2899	1.67015	2.72649	
69.2899	1.04978	-0.457389	
69.2899	2.43405	-2.1148	
69.2899	1.6095	-1.17629	
69.2899	1.35621	2.85486	
69.2899	1.43731	2.47627	
69.2899	3.10206	0.412447	
69.2899	2.43899	-1.45485	
69.2899	2.99945	1.57222	
69.2899	1.26123	0.601037	
69.2899	1.32832	-1.73247	
69.2899	2.01237	-1.93106	
69.2899	1.76302	-2.76522	
69.2899	0.984089	2.27602	
69.2899	2.07561	-1.70541	
69.2899	0.968494	-0.428894	
69.2899	2.25908	-0.0408036	
69.2899	1.23195	2.01823	
69.2899	1.73105	0.375928	
69.2899	1.98925	1.73664	
69.2899	1.7701	1.14735	
69.2899	1.66872	2.46365	
69.2899	1.44792	0.0402591	
69.2899	1.73595	2.63623	
69.2899	0.246988	3.01443	
69.2899	0.310158	-2.95052	
69.2899	2.08238	-0.106773	
69.2899	1.27706	0.437602	
69.2899	2.67811	0.306599	
69.2899	2.15317	0.244614	
69.2899	2.76884	-2.65296	
69.2899	0.546746	2.78329	
69.2899	1.67641	0.938644	
69.2899	0.154285	-2.00744	
69.2899	1.29392	0.927427	
69.2899	2.2131	-0.395957	
69.2899	1.47401	0.725446	
69.2899	1.37828	-0.869397	
69.2899	1.00749	2.2561	
69.2899	2.53004	-2.63539	
69.2899	1.61248	-0.98425	
69.2899	1.13339	-2.12642	
69.2899	2.16776	0.849619	
69.2899	1.91563	1.59035	
69.2899	2.16247	-0.506036	
69.2899	0.877658	2.86734	
69.2899	0.469231	1.37663	
69.2899	2.29551	0.772116	
69.2899	1.76144	-2.29261	
69.2899	1.57894	-2.88133	
69.2899	1.27535	-0.956514	
69.2899	1.71379	3.02854	
69.2899	0.649747	1.11402	
69.2899	2.0836	0.509213	
69.2899	1.67648	-2.81155	
69.2899	1.73998	0.174829	
69.2899	0.776032	-2.71968	
69.2899	1.76873	3.1345	
69.2899	1.45268	1.60021	
69.2899	1.35564	0.72851	
69.2899	0.291298	2.98761	
69.2899	0.214527	-0.825543	
69.2899	0.960975	-0.880305	
69.2899	2.07927	-1.31282	
69.2899	1.4214	-1.14137	
69.2899	2.71203	-0.20773	
69.2899	1.35548	2.80465	
69.2899	2.4849	1.97129	
69.2899	0.929983	0.0881087	
69.2899	0.870694	2.15512	
69.2899	1.63014	-2.68412	
69.2899	2.61803	1.16389	
69.2899	1.57586	2.9781	
69.2899	0.453646	-2.94792	
69.2899	2.44961	2.75497	
69.2899	1.289	-1.0751	
69.2899	2.77375	-2.21873	
69.2899	0.496516	-1.52497	
69.2899	1.32992	-2.0816	
69.2899	1.9847	1.21495	
69.2899	0.339906	-1.87406	
69.2899	1.73533	-2.613	
69.2899	1.55274	-1.8827	
69.2899	2.54377	-0.0569656	
69.2899	1.17896	1.36174	
69.2899	0.971934	0.483985	
69.2899	2.20387	1.90111	
69.2899	0.352624	2.70144	
69.2899	0.87127	-2.28999	
69.2899	2.67755	0.975897	
69.2899	0.924469	0.483509	
69.2899	1.78072	-1.08745	
69.2899	2.54331	1.10963	
69.2899	2.40224	-2.33809	
69.2899	0.668354	2.66588	
69.2899	1.73867	-0.788051	
69.2899	2.16916	2.36108	
69.2899	1.04474	-2.23885	
69.2899	0.947242	0.0653282	
69.2899	1.84576	2.22739	
69.2899	1.77042	-2.7682	
69.2899	1.59028	1.54984	
69.2899	1.95804	3.08718	
69.2899	0.171404	2.24916	
69.2899	2.00075	1.25654	
69.2899	2.53324	0.961172	
69.2899	0.6063	-2.02421	
69.2899	1.27727	2.33403	
69.2899	1.3757	0.546704	
69.2899	2.45166	2.86059	
69.2899	2.00471	-0.0549941	
69.2899	2.28685	-0.900225	
69.2899	1.15728	-1.13359	
69.2899	2.21655	-1.41628	
69.2899	1.14365	2.05344	
69.2899	2.02594	-0.474346	
69.2899	1.25296	1.07443	
69.2899	2.55975	1.75057	
69.2899	1.50161	-0.491673	
69.2899	0.820795	0.982751	
69.2899	2.11034	-1.36366	
69.2899	1.34733	1.89963	
69.2899	1.71359	0.851571	
69.2899	1.78428	-2.75885	
69.2899	2.50377	-1.88222	
69.2899	1.66104	-2.16903	
69.2899	0.565036	2.13176	
69.2899	2.31335	-1.10838	
69.2899	0.764997	0.968079	
69.2899	0.622367	-0.937643	
69.2899	2.7114	1.14588	
69.2899	1.79906	2.42767	
69.2899	2.93037	1.68093	
69.2899	2.61304	1.75086	
69.2899	2.44746	-0.0944453	
69.2899	1.04958	2.72036	
69.2899	2.57641	2.10851	
69.2899	0.437682	2.24247	
69.2899	1.81787	-1.23102	
69.2899	1.03837	-0.865685	
69.2899	2.42634	-0.0809422	
69.2899	1.41129	-1.59349	
69.2899	2.4528	2.27871	
69.2899	2.63293	2.62204	
69.2899	2.46279	2.3002	
69.2899	2.36285	2.43271	
69.2899	0.876041	-0.61391	
69.2899	1.07569	-1.99684	
69.2899	2.39489	2.63242	
69.2899	1.53795	-0.0741587	
69.2899	2.88098	1.72675	
69.2899	2.49293	1.93637	
69.2899	0.972803	0.307891	
69.2899	0.908203	-2.97894	
69.2899	1.82616	1.82662	
69.2899	1.73025	-1.73529	
69.2899	0.847836	-1.13685	
69.2899	1.93201	0.911826	
69.2899	1.27981	-0.2244	
69.2899	0.219184	2.80887	
69.2899	1.16308	0.8884	
69.2899	2.14896	-2.60712	
69.2899	0.846028	1.27758	
69.2899	2.98024	-2.16068	
69.2899	2.25971	-0.524943	
69.2899	1.43196	-0.0634225	
69.2899	2.01076	-0.57955	
69.2899	1.82326	-0.691459	
69.2899	1.30435	-1.89848	
69.2899	2.03118	2.49337	
69.2899	2.02773	2.49449	
69.2899	1.57923	0.843613	
69.2899	0.443292	1.61089	
69.2899	0.860952	-1.91041	
69.2899	2.31993	1.06198	
69.2899	1.87629	-3.00226	
69.2899	1.69247	0.3831	
69.2899	1.57371	-2.85677	
69.2899	2.0687	-2.62304	
69.2899	1.82761	-2.88135	
69.2899	2.25625	2.19521	
69.2899	0.467369	1.76082	
69.2899	0.605928	2.88296	
69.2899	0.386021	0.785704	
69.2899	0.925437	-2.6044	
69.2899	1.05579	0.316934	
69.2899	0.944448	0.314633	
69.2899	2.3822	2.16274	
69.2899	1.5507	-0.847475	
69.2899	2.07769	2.62169	
69.2899	2.52811	-0.518943	
69.2899	0.716125	1.39581	
69.2899	1.37273	-2.74176	
69.2899	2.60209	0.67763	
69.2899	1.99062	-1.58817	
69.2899	2.77604	-1.64996	
69.2899	1.33053	-1.96831	
69.2899	1.72651	-1.50103	
69.2899	1.1056	-1.09564	
69.2899	1.5604	2.20449	
69.2899	1.41418	-1.58886	
69.2899	1.0618	0.364015	
69.2899	1.51066	0.483744	
69.2899	1.26475	-0.865754	
69.2899	0.950771	-0.617753	
69.2899	0.485976	-2.90181	
69.2899	0.77729	0.968628	
69.2899	2.37842	1.60723	
69.2899	1.93699	0.0530709	
69.2899	2.47202	-0.453914	
69.2899	0.988624	-2.65475	
69.2899	0.916408	-0.0583997	
69.2899	1.38996	2.32559	
69.2899	2.45728	-3.13782	
69.2899	1.41622	-1.18013	
69.2899	1.3081	1.62548	
69.2899	1.00812	-0.775382	
69.2899	0.571354	-1.45799	
69.2899	1.18953	-0.650144	
69.2899	2.93676	1.13371	
69.2899	1.73238	0.392444	
69.2899	0.601054	-1.86972	
69.2899	1.55908	2.86082	
69.2899	1.51391	-1.27363	
69.2899	2.33712	1.51669	
69.2899	0.690601	-0.299846	
69.2899	1.40865	-2.28084	
69.2899	0.731652	-1.22187	
69.2899	1.21731	0.331763	
69.2899	0.586827	-2.44306	
69.2899	2.51299	-1.08462	
69.2899	0.750475	0.165788	
69.2899	2.26893	2.04758	
69.2899	1.13281	0.321607	
69.2899	1.98045	-0.487946	
69.2899	1.54779	2.14366	
69.2899	0.179367	-2.00459	
69.2899	0.326448	-1.95693	
69.2899	2.38632	-3.02114	
69.2899	2.96446	-0.101727	
69.2899	1.97089	-1.47913	
69.2899	0.342736	-1.61509	
69.2899	2.16442	2.10431	
69.2899	1.45879	1.68212	
69.2899	0.683397	2.1711	
69.2899	1.64693	-1.22645	
69.2899	2.39587	-1.3666	
69.2899	1.85225	-0.58162	
69.2899	0.534248	3.07376	
69.2899	0.845321	-2.20609	
69.2899	0.662261	0.195678	
69.2899	1.86605	-1.7363	
69.2899	1.29717	-0.836395	
69.2899	0.664924	1.55095	
69.2899	1.22964	-2.37375	
69.2899	1.21499	2.14925	
69.2899	1.56427	-1.128	
69.2899	1.65981	-0.0250521	
69.2899	0.567306	0.669445	
69.2899	1.47847	-1.51459	
69.2899	1.21115	-2.66086	
69.2899	1.98338	2.43852	
69.2899	2.48754	-1.30363	
69.2899	2.792	-1.14018	
69.2899	2.20529	-2.35369	
69.2899	0.701322	1.17833	
69.2899	2.56252	-3.0525	
69.2899	2.34135	-1.90216	
69.2899	2.53072	1.8055	
69.2899	1.5828	0.706025	
69.2899	2.44808	-1.97933	
69.2899	2.16489	0.370641	
69.2899	0.75148	1.64693	
69.2899	1.70868	-0.479531	
69.2899	0.986804	2.1557	
69.2899	1.58133	3.05548	
69.2899	1.39745	2.86368	
69.2899	1.85971	-1.33443	
69.2899	1.65189	1.55064	
69.2899	0.800863	-2.71737	
69.2899	2.03033	-1.50177	
69.2899	1.79685	2.93412	
69.2899	1.80919	-2.74294	
69.2899	0.931561	2.37157	
69.2899	2.18293	1.21443	
69.2899	2.07109	-0.242692	
69.2899	2.06199	1.75565	
69.2899	1.41738	1.27509	
69.2899	0.558219	-0.962949	
69.2899	0.815176	-2.41147	
69.2899	2.5241	2.08917	
69.2899	0.932555	-2.07376	
69.2899	1.25313	-0.857871	
69.2899	0.509017	0.869715	
69.2899	1.68943	2.27124	
69.2899	0.0903044	1.62405	
69.2899	1.82177	0.215712	
69.2899	1.75418	-2.67052	
69.2899	2.05616	-3.0084	
69.2899	1.64568	1.96146	
69.2899	2.02927	-1.16484	
69.2899	1.10034	1.71884	
69.2899	1.41891	2.90391	
69.2899	0.922878	-1.59701	
69.2899	1.7793	-2.86255	
69.2899	1.91611	-3.00843	
69.2899	1.00418	-1.10789	
69.2899	2.46969	0.710292	
69.2899	2.60714	2.52653	
69.2899	1.01123	-1.5288	
69.2899	1.35702	-1.26902	
69.2899	1.36262	-1.39983	
69.2899	1.84046	1.41359	
69.2899	1.93425	3.14116	
69.2899	2.33275	-1.42688	
69.2899	2.6696	2.02174	
69.2899	0.231072	0.930196	
69.2899	1.39534	-0.864343	
69.2899	1.65215	0.482144	
69.2899	2.00578	-1.17591	
69.2899	2.29812	-1.45841	
69.2899	1.59954	3.12471	
69.2899	2.09126	0.486221	
69.2899	1.99929	1.87531	
69.2899	1.82444	2.04966	
69.2899	2.76798	1.28934	
69.2899	2.41745	1.3218	
69.2899	1.8926	1.10313	
69.2899	1.54181	-2.611	
69.2899	2.5682	-3.01053	
69.2899	1.94479	-0.599805	
69.2899	0.509719	1.63342	
69.2899	1.60669	2.92827	
69.2899	2.32536	-1.11244	
69.2899	0.681486	2.97753	
69.2899	1.06285	2.2604	
69.2899	2.50231	-0.20887	
69.2899	2.39127	0.580148	
69.2899	1.5041	0.374218	
69.2899	0.474208	1.32816	
69.2899	2.36452	-2.62054	
69.2899	1.6043	-3.02694	
69.2899	2.3685	0.944666	
69.2899	2.74328	2.20875	
69.2899	2.07399	-2.39592	
69.2899	2.71317	-0.153703	
69.2899	2.72677	1.31907	
69.2899	2.24091	-1.39375	
69.2899	2.18023	-1.13592	
69.2899	0.493715	-0.371522	
69.2899	2.43081	2.51416	
69.2899	1.86927	-1.09883	
69.2899	1.19261	-0.966333	
69.2899	2.22894	-0.120486	
69.2899	1.44044	2.22103	
69.2899	1.81701	-1.27258	
69.2899	1.87959	0.576102	
69.2899	1.4112	3.13494	
69.2899	1.39876	-2.79239	
69.2899	1.7364	-1.90457	
69.2899	1.05099	0.970714	
69.2899	1.16266	2.29073	
69.2899	0.584801	0.143548	
69.2899	0.812517	-0.865602	
69.2899	1.96793	-1.60993	
69.2899	2.2231	-0.405088	
69.2899	1.58226	-1.84322	
69.2899	2.40113	-0.711104	
69.2899	1.95204	1.63988	
69.2899	0.989991	-0.118538	
69.2899	2.56557	-2.88666	
69.2899	2.96238	0.50516	
69.2899	1.87168	3.0406	
69.2899	0.823387	1.28103	
69.2899	1.17544	-2.92076	
69.2899	2.46078	-0.326845	
69.2899	0.82335	2.72155	
69.2899	0.640887	-0.253944	
69.2899	0.899263	-2.84012	
69.2899	1.42326	1.83987	
69.2899	2.78511	-1.10302	
69.2899	1.63142	-1.04523	
69.2899	2.06247	-2.08589	
69.2899	2.8223	1.37968	
69.2899	0.629414	0.987929	
69.2899	0.42281	3.03325	
69.2899	1.95916	-1.23505	
69.2899	2.07626	-0.698667	
69.2899	1.18736	-1.1763	
69.2899	1.98247	2.58068	
69.2899	1.51047	-2.31563	
69.2899	1.2647	1.78269	
69.2899	1.37523	-0.271495	
69.2899	2.51216	-0.272636	
69.2899	2.72039	-0.0939941	
69.2899	1.79285	1.49593	
69.2899	1.31122	-0.373307	
69.2899	0.771787	3.12422	
69.2899	1.43909	-2.39582	
69.2899	1.7431	1.08153	
69.2899	2.1478	-1.64587	
69.2899	0.66673	-0.775967	
69.2899	1.2398	0.226187	
69.2899	1.98072	-0.740243	
69.2899	2.07704	1.24083	
69.2899	2.04047	-2.35501	
69.2899	2.11087	-0.381662	
69.2899	0.58754	1.83	
69.2899	2.44341	-1.16029	
69.2899	1.83539	1.90352	
69.2899	1.92112	-0.416157	
69.2899	2.6888	2.08562	
69.2899	2.21598	-2.41476	
69.2899	1.37956	1.62232	
69.2899	1.56271	-0.404853	
69.2899	0.758474	-0.0974054	
69.2899	1.08851	-2.67058	
69.2899	1.47593	0.315169	
69.2899	1.97682	-0.391402	
69.2899	1.37754	-0.493459	
69.2899	0.345429	0.670213	
69.2899	1.22989	-2.23152	
69.2899	0.900286	-1.14772	
69.2899	1.40763	0.66234	
69.2899	2.44002	1.1933	
69.2899	0.978205	2.88697	
69.2899	1.69144	-2.32944	
69.2899	1.31217	1.58784	
69.2899	1.78438	-1.70188	
69.2899	1.11451	-1.74389	
69.2899	1.50078	-0.878883	
69.2899	1.83232	1.33328	
69.2899	0.789357	-2.48692	
69.2899	0.267871	-1.24662	
69.2899	0.926493	3.06853	
69.2899	2.2513	-2.21154	
69.2899	0.0839066	-0.403896	
69.2899	0.572503	-2.8819	
69.2899	1.81288	2.74141	
69.2899	2.13921	2.77339	
69.2899	1.71789	2.15819	
69.2899	1.547	-0.447894	
69.2899	1.99062	-1.85194	
69.2899	1.16125	1.19459	
69.2899	2.05669	-2.80115	
69.2899	0.615858	-2.54847	
69.2899	1.78547	-1.12219	
69.2899	1.9532	1.52597	
69.2899	0.303877	3.02795	
69.2899	1.93873	2.50449	
69.2899	2.74671	1.34829	
69.2899	1.63885	-2.82705	
69.2899	2.26174	-1.76285	
69.2899	1.14765	-1.69912	
69.2899	0.84576	-0.695863	
69.2899	0.0817159	2.88056	
69.2899	0.250547	0.730576	
69.2899	2.20993	2.03629	
69.2899	1.78456	1.78186	
69.2899	1.54338	2.24411	
69.2899	0.352135	-0.956126	
69.2899	0.99459	-2.37804	
69.2899	1.19104	0.873334	
69.2899	1.54921	2.475	
69.2899	2.2417	-2.65464	
69.2899	2.68212	0.398975	
69.2899	0.821368	-2.292	
69.2899	2.11973	1.4222	
69.2899	1.84763	1.60732	
69.2899	0.350512	-2.87343	
69.2899	0.317328	-0.417576	
69.2899	1.87797	0.320582	
69.2899	1.33672	0.923528	
69.2899	1.29122	-0.574398	
69.2899	2.51641	-0.191324	
69.2899	2.26271	2.91705	
69.2899	1.18178	1.45437	
69.2899	1.45416	-0.34056	
69.2899	1.69234	0.754703	
69.2899	0.974347	1.99629	
69.2899	0.694202	-2.32573	
69.2899	0.715149	-2.47186	
69.2899	1.02221	1.64799	
69.2899	2.00387	2.47562	
69.2899	0.769153	-0.546838	
69.2899	1.79526	-2.80777	
69.2899	1.76607	2.50277	
69.2899	0.980103	1.37137	
69.2899	1.95641	1.21524	
69.2899	1.27475	-2.06578	
69.2899	0.764385	-1.80835	
69.2899	1.90494	-0.328016	
69.2899	1.33936	-2.59946	
69.2899	0.935406	2.56814	
69.2899	0.484607	-0.586566	
69.2899	2.05286	0.494495	
69.2899	0.475427	-2.96086	
69.2899	1.58245	0.39866	
69.2899	0.877391	1.14833	
69.2899	1.44854	-0.926569	
69.2899	1.03798	-2.36022	
69.2899	2.18436	2.38713	
69.2899	0.479992	-0.665542	
69.2899	1.40055	-1.38415	
69.2899	1.13773	-2.57004	
69.2899	2.06186	1.46143	
69.2899	2.15842	1.59668	
69.2899	1.95022	3.11116	
69.2899	0.398349	-2.95522	
69.2899	0.699357	-1.04952	
69.2899	1.27303	3.05401	
69.2899	0.648162	1.40994	
69.2899	0.966446	0.633307	
69.2899	1.85621	-0.496971	
69.2899	0.505218	-2.24385	
69.2899	0.648129	2.46045	
69.2899	2.23664	-0.230165	
69.2899	1.16378	-1.83283	
69.2899	1.66309	3.11134	
69.2899	1.37262	-2.92764	
69.2899	0.451011	1.30044	
69.2899	2.98268	2.43285	
69.2899	1.21574	2.59399	
69.2899	2.66451	-0.906329	
69.2899	1.30798	1.421	
69.2899	0.764022	-1.10891	
69.2899	0.666315	0.196344	
69.2899	2.83617	2.53371	
69.2899	0.98119	-2.32124	
69.2899	0.449518	-2.0811	
69.2899	0.486288	1.9717	
69.2899	1.84755	-0.812367	
69.2899	2.74498	-1.12131	
69.2899	2.29754	2.35751	
69.2899	1.14714	-2.18868	
69.2899	0.204614	1.24938	
69.2899	0.609947	1.03986	
69.2899	2.01038	-1.47101	
69.2899	1.36973	1.71006	
69.2899	0.476624	-0.500227	
69.2899	1.28937	-1.01557	
69.2899	1.56382	-2.17314	
69.2899	1.23985	-2.22541	
69.2899	1.90528	1.72623	
69.2899	1.4402	1.96958	
69.2899	0.458769	-2.73204	
69.2899	1.45395	-2.15777	
69.2899	1.73953	-1.69098	
69.2899	0.746264	0.659105	
69.2899	2.42288	0.491243	
69.2899	1.94247	0.141647	
69.2899	0.443662	-0.497608	
69.2899	0.645956	2.51106	
69.2899	0.808988	2.25327	
69.2899	1.34184	1.53212	
69.2899	1.19436	1.27181	
69.2899	0.79138	-3.00576	
69.2899	1.64592	1.60009	
69.2899	0.930498	-2.86824	
69.2899	1.62565	1.8565	
69.2899	0.985159	-0.799789	
69.2899	1.925	1.99277	
69.2899	0.751755	-1.9673	
69.2899	1.88253	-2.55445	
69.2899	2.38472	-1.65549	
69.2899	2.30143	-0.167302	
69.2899	0.88011	-2.58097	
69.2899	1.77685	-2.15898	
69.2899	2.16587	1.38542	
69.2899	1.21036	-1.58384	
69.2899	1.08645	-0.454263	
69.2899	0.964064	-2.75565	
69.2899	1.85548	-0.958868	
69.2899	2.15675	-0.3913	
69.2899	2.32895	-0.535438	
69.2899	1.08014	-1.3156	
69.2899	1.54832	-0.896127	
69.2899	2.75361	0.554105	
69.2899	1.21831	1.21279	
69.2899	1.82869	-1.64292	
69.2899	1.94587	3.07026	
69.2899	0.883986	2.75901	
69.2899	0.889988	2.15453	
69.2899	1.24445	0.0817731	
69.2899	2.03434	-2.42645	
69.2899	2.55432	2.79956	
69.2899	2.25981	1.78789	
69.2899	0.850658	0.0882362	
69.2899	1.15792	-1.03775	
69.2899	2.90854	-2.01231	
69.2899	2.28541	-0.189826	
69.2899	1.81327	1.65659	
69.2899	2.0984	0.91752	
69.2899	1.63059	-1.03728	
69.2899	1.76582	2.93913	
69.2899	2.5605	-1.02107	
69.2899	1.97279	0.519938	
69.2899	0.74142	-2.09721	
69.2899	1.40085	1.90781	
69.2899	0.245874	-1.47444	
69.2899	1.32882	-2.16379	
69.2899	2.05568	0.451838	
69.2899	1.24507	0.578822	
69.2899	1.25302	-1.57583	
69.2899	1.90607	-0.0590555	
69.2899	0.404745	-3.01155	
69.2899	1.92727	2.57711	
69.2899	2.15516	0.535205	
69.2899	0.427065	-1.60861	
69.2899	2.28093	2.82227	
69.2899	2.79015	0.932194	
69.2899	1.40262	-2.20719	
69.2899	1.322	1.55074	
69.2899	2.8112	0.099864	
69.2899	0.570869	-0.183748	
69.2899	0.868996	1.54477	
69.2899	1.07841	-2.73582	
69.2899	2.06656	2.74399	
69.2899	0.825567	-1.56081	
69.2899	2.28896	2.80032	
69.2899	1.32443	2.87262	
69.2899	1.92641	1.14327	
69.2899	2.11057	0.499922	
69.2899	2.08149	-3.04904	
69.2899	2.57237	-2.81727	
69.2899	0.911258	1.63951	
69.2899	2.284	-0.491636	
69.2899	2.53835	-1.86321	
69.2899	1.07505	2.77187	
69.2899	1.16214	2.12484	
69.2899	1.83209	0.747838	
69.2899	2.31496	-1.18683	
69.2899	0.460506	0.547963	
69.2899	1.45022	-0.969825	
69.2899	1.28465	-0.127546	
69.2899	1.4318	1.84725	
69.2899	1.02269	-1.16639	
69.2899	2.4163	-2.25964	
69.2899	0.948878	-0.999848	
69.2899	1.29537	2.34247	
69.2899	1.08851	-2.44915	
69.2899	2.02023	0.148387	
69.2899	1.43234	-1.36362	
69.2899	1.80478	-2.23955	
69.2899	2.252	0.320592	
69.2899	1.21344	-2.70871	
69.2899	1.89917	-0.794278	
69.2899	1.16774	0.514038	
69.2899	2.09389	-0.376585	
69.2899	0.588292	-1.35142	
69.2899	2.11713	-0.799862	
69.2899	1.86741	-1.41948	
69.2899	1.79124	2.95576	
69.2899	2.28795	-1.02379	
69.2899	1.7819	0.736765	
69.2899	0.77692	2.12702	
69.2899	1.04347	-1.03213	
69.2899	2.25383	0.864906	
69.2899	1.89804	-1.31895	
69.2899	2.82438	-1.46556	
69.2899	2.35139	2.72272	
69.2899	1.47659	2.92358	
69.2899	1.45228	-2.2109	
69.2899	1.67012	-1.89774	
69.2899	2.29021	-2.8777	
69.2899	1.2193	2.00953	
69.2899	0.429151	2.9165	
69.2899	1.07396	3.0014	
69.2899	1.67424	1.74623	
69.2899	2.62279	1.79236	
69.2899	1.33579	-1.82549	
69.2899	2.14135	1.67043	
69.2899	1.627	-0.329806	
69.2899	1.09696	-2.97499	
69.2899	1.88936	0.021274	
69.2899	2.44829	-2.79006	
69.2899	2.21583	-2.52339	
69.2899	1.7296	0.493995	
69.2899	0.527977	1.12716	
69.2899	0.234908	-1.85878	
69.2899	0.752403	-0.234352	
69.2899	1.62514	-2.83715	
69.2899	0.720381	-1.97742	
69.2899	1.19772	-0.313013	
69.2899	0.78124	-1.09095	
69.2899	1.75052	-0.96938	
69.2899	2.29817	2.54028	
69.2899	1.99741	-2.01457	
69.2899	0.825217	-0.539321	
69.2899	1.15554	1.23253	
69.2899	1.75709	-2.98971	
69.2899	2.16495	-2.15609	
69.2899	2.65868	2.932	
69.2899	1.63901	1.51262	
69.2899	0.600957	1.04068	
69.2899	1.87895	1.53432	
69.2899	2.43149	-1.97491	
69.2899	1.17473	-0.115932	
69.2899	0.782759	-1.0571	
69.2899	1.66002	1.26516	
69.2899	1.16073	1.1918	
69.2899	1.24076	2.26085	
69.2899	0.611162	1.95563	
69.2899	0.746089	0.653491	
69.2899	1.62775	-2.43993	
69.2899	2.49442	-1.63315	
69.2899	1.4826	1.15381	
69.2899	2.21292	0.89349	
69.2899	2.61767	-1.76221	
69.2899	2.45995	2.33169	
69.2899	0.571567	-1.25617	
69.2899	2.25425	2.40754	
69.2899	0.863409	0.115069	
69.2899	1.11505	-2.39134	
69.2899	1.64035	-0.157651	
69.2899	1.52331	-0.564466	
69.2899	2.52015	-2.44337	
69.2899	0.824955	-2.93104	
69.2899	1.08925	0.408088	
69.2899	0.775216	2.30022	
69.2899	2.23679	-0.350585	
69.2899	1.25136	-0.17992	
69.2899	2.32159	-0.323476	
69.2899	2.87589	2.49343	
69.2899	0.58299	2.59208	
69.2899	2.6124	-0.111305	
69.2899	1.01295	3.01164	
69.2899	2.50079	-2.44741	
69.2899	0.317761	-1.26647	
69.2899	1.62657	-2.8194	
69.2899	1.20597	1.60971	
69.2899	0.545009	0.149143	
69.2899	1.31189	3.05667	
69.2899	0.110867	-0.583496	
69.2899	0.709214	1.22998	
69.2899	2.30794	2.29368	
69.2899	2.32033	-1.70318	
69.2899	2.71059	0.165759	
69.2899	2.04151	-0.87459	
69.2899	2.32384	0.953555	
69.2899	1.5985	1.43849	
69.2899	0.732571	-2.24402	
69.2899	1.37137	-1.48293	
69.2899	2.83078	1.0231	
69.2899	2.1329	1.08893	
69.2899	1.04837	1.54826	
69.2899	1.90874	-1.20214	
69.2899	2.11886	2.99627	
69.2899	0.831043	-0.961136	
69.2899	0.362163	2.43815	
69.2899	0.692119	-1.14612	
69.2899	2.02319	-2.22818	
69.2899	1.95462	1.11968	
69.2899	0.661141	-1.15003	
69.2899	0.29112	-0.590923	
69.2899	1.85343	2.36215	
69.2899	1.16795	-3.06355	
69.2899	1.78187	2.2744	
69.2899	2.75054	-0.649722	
69.2899	0.343051	-0.937262	
69.2899	1.54281	0.875791	
69.2899	1.99176	-0.0389978	
69.2899	2.68301	-1.61524	
69.2899	1.89362	0.153393	
69.2899	1.56651	0.167657	
69.2899	2.41693	0.641738	
69.2899	1.35187	0.773837	
69.2899	1.68011	1.10437	
69.2899	0.404755	3.07076	
69.2899	0.892143	1.60065	
69.2899	1.72345	0.777014	
69.2899	0.130362	1.22974	
69.2899	1.61018	0.870505	
69.2899	1.78137	2.889	
69.2899	2.7928	-3.08713	
69.2899	2.38856	-2.29202	
69.2899	1.1515	1.49649	
69.2899	1.77939	-1.38514	
69.2899	1.86839	-0.312687	
69.2899	2.25771	-0.503906	
69.2899	2.11874	2.27497	
69.2899	0.674753	-0.204505	
69.2899	1.4866	-1.75886	
69.2899	2.13541	2.52503	
69.2899	2.36042	-1.2945	
69.2899	0.766303	-2.84771	
69.2899	2.05709	-2.64917	
69.2899	1.73008	0.786863	
69.2899	1.79247	2.61758	
69.2899	0.972556	-1.50037	
69.2899	1.45222	0.583051	
69.2899	2.2286	1.80527	
69.2899	0.139485	-0.733327	
69.2899	2.27057	-1.30604	
69.2899	2.26941	1.55197	
69.2899	2.10429	2.86548	
69.2899	2.27541	-1.71019	
69.2899	2.3399	2.73695	
69.2899	2.14868	-2.59307	
69.2899	1.06812	-2.80692	
69.2899	1.39727	-0.328109	
69.2899	2.38942	-1.82369	
69.2899	2.16017	-0.146998	
69.2899	1.1971	-1.35988	
69.2899	1.70001	0.97475	
69.2899	2.06139	-2.03944	
69.2899	2.8653	1.34275	
69.2899	2.11861	1.57634	
69.2899	1.81434	-2.7037	
69.2899	1.95005	-1.04995	
69.2899	0.759637	1.6363	
69.2899	2.47646	-0.948026	
69.2899	1.69217	-2.68851	
69.2899	2.52069	-0.0611322	
69.2899	0.81332	-0.264647	
69.2899	1.25498	0.385189	
69.2899	1.69699	2.08407	
69.2899	1.79096	-1.60746	
69.2899	0.72218	-1.8661	
69.2899	1.05226	-0.891893	
69.2899	2.76092	0.376382	
69.2899	1.26915	-2.26895	
69.2899	0.880813	0.216954	
69.2899	2.07828	0.526838	
69.2899	1.33438	1.79907	
69.2899	0.890892	2.72688	
69.2899	2.90429	-0.0281887	
69.2899	1.42314	2.25578	
69.2899	1.62965	-1.62567	
